validation,cluster,iid_seed,y_pred,y_std
ood,0,,"[41.8175     42.55071667 41.8175     42.55071667 40.37116667 21.72796667
 23.294425   23.294425   21.72796667 23.19609167 21.47903333 23.19609167
 22.46609167 34.995      27.1224     29.29153333 33.06216667 32.35183333
 28.17853333 33.30737024 34.68883333 34.68883333 34.93943333 35.32113333
 35.9488     38.41691667 34.68883333 34.68883333 34.93943333 35.32113333
 35.9488     38.41691667 31.78686667 31.78686667]","[23.92548206 21.7931606  23.92548206 21.7931606  18.94956398 15.60180707
 14.41724397 14.41724397 15.60180707 14.43538831 14.93728493 14.43538831
 13.89008725 14.029379   14.44851149 13.14361753 14.02501252 14.54171371
 20.78703369 19.40838773 23.36918329 23.36918329 23.30169779 23.33024322
 22.08146753 20.5129146  23.36918329 23.36918329 23.30169779 23.33024322
 22.08146753 20.5129146  22.3419896  22.3419896 ]"
ood,1,,"[25.4413     23.6324     27.178      27.3484     27.4817     12.16091667
 32.01841667 32.01841667 16.8725     22.361      22.8075     22.361
 22.8075     22.8128     22.8128     23.5306     29.3257     27.42736667
 29.19393333 21.6839     26.26173333 26.26173333 26.26173333 29.73236667
 29.66336667 36.46656667 40.42836667 41.08486667  6.85425     7.07815
  6.5506      7.36328333  8.3741      6.14185     6.1185      6.18875
  6.99683333  6.1185      6.94518333  7.996       6.77515     7.69643333
  6.5506      7.36328333  8.3741     41.45655    41.73655    41.87155
 41.81185    41.95615    32.2819     32.2819     32.2819     12.57455   ]","[12.49739898 13.3758631  13.28911523 13.44007667 13.36215752 11.24238426
 19.93843054 19.93843054 10.67196499  4.64477438  4.73243307  4.64477438
  4.73243307  8.29367097  8.29367097 16.60704536 15.73022468 16.41237122
 17.38153445 17.22624762 19.94302132 19.94302132 19.94302132 18.76253899
 18.79809764 19.07506992 19.07104144 21.86483041  8.25489147  9.51764487
  8.99371116  9.25803747  8.13197529  7.78704095  8.82086025  8.90749104
  8.51163245  8.82086025  9.08812493  7.975835    9.13356523  9.11908359
  8.99371116  9.25803747  8.13197529 14.96360964 14.70698968 14.77061109
 14.757901   14.8294089  14.74078958 14.74078958 14.74078958 14.68806085]"
ood,2,,"[34.36414667 36.47724667 38.30148    41.08118    30.98985    36.4535
 36.4535     36.4535     30.7263     33.25293333 35.05183333 37.1656
 40.1048     59.21116667 60.35416667 61.61416667 60.35416667 59.21116667
 60.35416667 61.61416667]","[17.47292945 15.24456335 14.10084527 14.33649421 13.96514195 17.88971272
 17.88971272 17.88971272 14.60607974 15.47963721 13.8731205  12.07109327
  9.63141936 14.4958258  13.8608642  14.54669152 13.8608642  14.4958258
 13.8608642  14.54669152]"
ood,3,,"[27.90166667 34.76646667 37.45113333 36.25453333 20.25533333 25.9897619
 33.3257619  25.2737619  29.61516667 32.32166667 32.32166667 25.69566667
 29.31976667 32.44693333 27.69986667 25.31433333 29.04243333 32.31393333
 27.45986667 27.37553333 26.428      32.5706     28.78053333 28.7162
 25.96916667 27.62603333 27.62603333 13.54233333 13.81416667 13.54233333
 13.81416667 10.6694     13.09923333 11.48573333 12.81973333 13.09923333
 11.48573333 12.81973333 13.09923333 21.66016667 25.01413333 24.97158333
 25.44941667 21.68216667 24.99413333 24.95158333 25.42941667 30.18766667
 34.39166667 34.71726667 33.70336667 35.10792667 10.8062     10.5642
 12.47713333 21.7345     26.62503333 27.0523     27.39563333 27.39563333
 21.50433333 26.26406667 26.69133333 27.03466667 21.50433333 25.69566667
 32.44693333 27.69986667 25.31433333 32.31393333 27.45986667 27.37553333
 25.69566667 32.44693333 27.69986667 27.61553333 19.24425714 20.68375714
 21.15425714 21.18125714 21.69525714 25.91182143 26.31632143 26.47732143
 26.62732143 26.84465476 30.18766667 35.10792667 30.577      30.66666667
 31.09066667]","[17.5327839  16.22131474 16.02679201 15.78631416 11.02279075  9.49502556
 13.85407621 11.84833083 12.95491822 13.20119471 13.20119471 12.3930598
 10.01917713 12.81320772 12.05977891 11.87860963  9.5763728  12.65252494
 11.81002131 11.73868272 12.40514586 12.45945342 12.13060059 12.08081304
 12.3620174  12.09639038 12.09639038  8.87043088  8.73575567  8.87043088
  8.73575567  7.17511987  6.01789945  6.99514508  6.18222955  6.01789945
  6.99514508  6.18222955  6.01789945 11.97719845 12.3621387  12.07372072
 12.6208901  11.99450505 12.34352618 12.0545923  12.60335049 12.7736601
 12.4460787  11.55271147  9.57382136 10.1533267   7.90096827  8.99991207
  9.45705308 13.52204628 17.03995706 16.73665795 16.75557075 16.75557075
 14.28945042 17.60102614 17.31647082 17.34189889 14.28945042 12.3930598
 12.81320772 12.05977891 11.87860963 12.65252494 11.81002131 11.73868272
 12.3930598  12.81320772 12.05977891 11.99161441 12.87327783 11.51906813
 12.10873114 12.04259153 12.3963415  10.76601063 10.35526079 10.90304313
 10.77778517 14.40766344 12.7736601  10.1533267  10.62854745 10.7405258
 10.84738917]"
ood,4,,"[25.55383333 29.01696667 31.77696667 29.30206667 28.59473333 28.17473333
 28.14673333 29.50723333 28.56823333 28.14823333 28.12023333 27.5814
 29.73856667 28.80923333 28.38923333 28.36123333 27.5874     29.7729
 28.84356667 28.42356667 28.39556667 27.5814     29.73856667 28.80923333
 28.38923333 28.36123333]","[14.46631958 14.32823012 14.79116843 10.49847466 10.64914165 10.1393981
 10.14701901 10.13490686 10.05482473  9.51211944  9.52016457  7.92450592
 10.14961126 10.37270177  9.85780391  9.86625111  7.99229512 10.15075222
 10.37689347  9.8636765   9.87221605  7.92450592 10.14961126 10.37270177
  9.85780391  9.86625111]"
ood,5,,"[32.54936667 34.56622    36.073      33.903      36.073      15.93703333
 15.74123333 19.00486    18.8899     18.59203333 25.48766667 25.74803333
 25.38803333 21.87173333 31.48       33.5383     34.19982    31.914
 34.4478     30.40152    31.8703     31.78602    30.40152    35.98883333
 37.68956667 39.96123333 39.93356667 37.0694     23.5464     24.34301667
 24.36248333 24.62001667 24.34301667 24.32011667 21.44046667 22.66708333
 21.98013333 22.25175    22.81818333 21.61914286 25.65830952 34.9048
 32.8253     20.7358     27.678      27.65653667 30.20776667 34.34076667
 52.4628     14.91203333 15.86063333 14.99802667]","[19.85378791 17.42284425 18.14238686 20.22088329 18.14238686 14.17828625
 14.6199729  18.93411103 19.26343122 20.11329265  8.00081292  8.02764782
  8.16070546  9.02306623 15.69408863 14.8242842  15.4450211  16.66834737
 16.49019015 17.40133591 16.63272181 16.91355744 17.40133591 21.87944825
 23.38901287 25.39772563 24.49438328 21.3798267  17.09240071 17.03779355
 16.67716568 17.18807961 17.03779355 16.18678868 17.00474095 16.83849399
 16.76933136 16.81964958 16.40703475 10.23207534 11.13254453 16.55860299
 16.98957436 17.72217115 22.97343145 26.67661126 16.34482662 16.35977923
  2.78769011 12.98716759 14.50891727 14.80302935]"
ood,6,,"[25.04836667 27.03956667 30.4069     31.5425     36.04983333 38.199
 22.79786667 25.3258     28.2008     30.141      35.692      37.4229
 22.79786667 25.3258     28.2008     30.141      35.692      37.4229    ]","[17.30264918 18.02976866 18.42705797 17.18170058 17.77838909 21.5300526
 16.89336455 17.88231325 18.52784352 17.24043883 17.32074216 20.37559113
 16.89336455 17.88231325 18.52784352 17.24043883 17.32074216 20.37559113]"
ood,7,,"[21.16728333 42.03711429 42.20141429 42.03711429 42.20141429 11.2515
 11.2515     10.98541667  9.80908333  9.80908333 11.19941667 11.19941667
  9.80908333 11.19941667 11.19941667 39.18486667  5.599       5.91869
  4.4116      6.1402      5.91869     6.45131667  9.35363333]","[13.7804629  25.89917187 25.72911303 25.89917187 25.72911303  6.87793244
  6.87793244  5.60516136  5.6456553   5.6456553   6.11312355  6.11312355
  5.6456553   6.11312355  6.11312355 14.57579018  7.89391658  9.62195406
  6.59348265  8.23953676  9.62195406 11.43324864 14.3434776 ]"
iid,0,17,"[20.65975    29.4683     20.902      38.12166667 33.214      33.3225
 20.9037     21.4477     22.116      33.10378333 27.81591667 32.58733333
 20.63275238 21.5668      7.542      23.19875    42.21153571 16.40075
 17.62708333 46.88603333 53.908      51.854      64.458      52.779
 20.28946667 30.2        54.6513     40.5286      5.80995833  6.33345833
  8.531475   53.381      29.6075     21.1152    ]","[ 8.05515398 14.52920184 10.65444489 14.19966226 14.03957991  4.21445355
 16.82865637 17.07682388  7.46607956 11.72753809  8.78175374 16.37488594
 15.65100461  2.27349285  1.99274027  9.34549575 13.35926468  9.52093513
  9.2355482   9.30820096 15.17495094 14.83337062  5.21994598 13.78058994
  9.48055741 10.34501194  3.50602529  8.23230988  9.65489546 10.65316605
 16.42994596  1.14630668  1.87458495  7.51470551]"
iid,0,29,"[22.295      21.9045     29.707      36.19466667 11.726      12.43026667
 61.80916667 38.08586667 40.19880952 32.883      19.83197619 22.03702857
 22.03702857 11.47616667 11.26175     7.93883333  7.93883333  8.53175
 21.39433333 13.83675    37.895      36.77066381 32.679      61.997
 19.3788     26.8837     57.75063333 42.1054     52.41903333 29.71256667
 27.17108333 30.4165     17.1717     59.70725   ]","[ 3.84323757 11.4045227  17.41888925 13.40686617 10.40494709  9.19857708
  7.74915358  7.12522295 12.85245875  3.02099503 15.03727157 11.24589774
 11.24589774  3.98381169  1.74870472  2.11331763  2.11331763  2.99696784
  9.79339665  7.96058137 12.44482523 15.93587693 12.28625488  5.83575968
 10.62166327 12.74050718 12.10119234  6.68710302  5.05299401  5.92000717
  2.22281118  2.3624146  11.16139839 13.62237603]"
iid,0,43,"[15.82201667 30.3893     36.58465    28.779      28.051      33.955
 47.3608     32.601      39.90163333 36.7774     37.895      36.96
 32.00733333 31.524      21.96293333 10.64638333 10.64638333  9.6686
 11.29866667 61.62816667 27.8394     34.35793333 62.155      28.882
 40.5964      7.71268333  2.84026     6.00956667 34.5506     43.54881429
 11.27271429 47.12206667 17.738625   16.8694    ]","[12.88712152 13.32913773 12.38915815 10.13047181 10.36914167 12.73625043
 20.36782402  4.50243256 13.26634165 11.66260465  7.19836613  8.97013935
 16.29308021  3.87419334  7.25110538  4.98271863  4.98271863  2.76427046
  1.26763708 12.03289287  9.46468614  9.24511652  6.60777383  7.674
 10.28917543 15.52642372  5.48691807 11.25125504  7.51140811  1.75386186
  2.79477946  6.14649772  7.37246368  6.04923777]"
iid,0,71,"[42.1441     20.259      35.92516667 21.285      22.8026     38.56271429
 54.78983333 11.9263     22.4088     21.55886667 46.57239048 42.8765
 42.252      33.67389286 19.1228      9.5978     54.0238     58.346
  8.0503     50.78096667 35.525      46.60824    59.5177      3.14226667
  4.9321      5.1618      2.335      22.2902     25.7525     20.01092857
 19.89866667 18.6064     19.1723     49.59615   ]","[ 8.66415537 10.59204508  8.14609739 15.51715422 13.43686679 12.07513517
 15.43640817 11.22119233 13.78660619 12.91386535  3.76143513 13.05131264
  9.71357277  1.88723009  7.3503464   1.98627205 16.21604753  9.23583694
  6.25010711 20.05240266 11.67646886  9.02044031  5.51818047  7.77239697
  5.27893082  6.68419993  2.41252461 11.40103241 20.57558186  9.57491063
  8.08611676  6.0405292  13.12042498 15.24940812]"
iid,0,97,"[21.62       33.29066667 20.494      25.563      28.266      34.39091667
 47.76666667 40.02863333 18.77880952 16.14834667 11.5124     29.01429762
 22.30975     8.16083333  8.20883333 11.6395     45.21175    30.86733333
 31.3835     63.24133333 34.16       56.302      24.32166667  5.60005
  4.2891     46.7872619  54.815      56.5569     29.37       28.96
 56.0514     19.85556667 62.286      32.3693    ]","[ 3.79942101 13.61162707 13.32114725 13.22618354 10.66104329 17.5665795
 16.43413318 11.07320544 10.33065471 10.71129301 10.68182242  8.63056183
  2.13337144  4.22217205  3.38369494  2.52348266 13.93437093  8.43462175
 16.49506753  8.06759378 13.67856718  6.22732655  7.15056699 11.75920795
  3.81456259  5.17957092  7.64750849  3.32022309  1.8352384   3.8043922
 18.02048928 13.47129282  9.17490076 13.36659667]"
iid,1,17,"[25.0127     25.8985     26.2238     34.55523333 26.2287     21.194
 41.23461111 40.97761111 30.73636667 34.78783333 11.302      35.75246667
 42.34661667 42.34661667 20.0545     23.284      57.63708333 57.63708333
 37.59       20.72585     7.19566667  8.06208333 10.58931667 10.90211667
 10.90211667 29.667      58.4653119  38.2097     45.5928     45.5928
 37.551      58.675      59.461      32.014      63.022      20.28676667
  3.57206667 37.96033333 23.34393333 23.617      27.29505    51.6236
 58.4073      2.21525    32.78925    32.79453333 29.5818     23.532
 30.72       67.04986667 19.29503571 15.8715     29.9325     34.4727    ]","[ 3.98265084  3.59761348  6.8740634  12.1381768  12.62562653 13.45511665
 13.90238597 11.9440352  13.74496319  8.97997212  8.9488321  17.64021993
 15.17392769 15.17392769  5.58722245 14.26880317 17.48317498 17.48317498
  2.93715849  3.01912993  1.42482673  5.43914405  2.95654308  3.01355781
  3.01355781  4.89125863 14.66864671 10.24415516 12.56759723 12.56759723
 15.91288469  6.65910467 10.3439054  12.06637493  5.88922032 17.03956776
  6.49505134 11.34655767 13.60735317 10.7685564  14.71196298  6.49084178
  5.88117078  1.70983879 10.8939693  19.75468654 12.21887887  3.17882878
  2.37520525 22.63367611 10.09489461 13.50636816 14.15845926 12.03065966]"
iid,1,29,"[25.8348     25.8348     24.90263333 39.139      26.123      37.696
 32.528      35.14       16.7248     38.20703333 26.025      50.9425
 19.087      22.55956667 22.55956667 62.76683333 15.74404762 44.27261905
 28.225      33.878      35.85403571 35.04653571 35.04653571 18.45788571
 17.5917     23.354      10.46108333  9.06561905 10.3915     11.127
 27.32853333 24.897      25.85       45.618      61.048      55.972
 58.722      56.389      63.818      19.6302     40.4501     31.795
 53.0637     42.86564    28.29796667 22.9793     25.2255     51.8401
 53.8593     23.8025     29.7063     18.14178333 57.972      48.67243333]","[11.71791547 11.71791547 11.14088177 13.31339681 12.18762368 19.57610237
 13.79802942  7.6066024  14.33456162 10.41665888  4.15474127 18.72858699
  7.94761165 15.90716981 15.90716981 16.39218911 11.79795919  5.1536256
 11.41279436 12.21910455  3.65454144  3.42795632  3.42795632 14.66661708
  7.74651122 14.06490967  2.18270667  2.39875392  1.48244214  1.93390046
  8.65749167  6.72857149  8.75599794  6.75194856 16.48593631 14.0987381
  9.23789565  7.03208212  4.44446577 15.31466709 16.72149769 10.82766249
  8.58217404  6.28413866 15.47363299 10.93602224 10.62503538  6.10077495
  5.61719561  3.34538768  4.86073901 13.20255751 17.40803309 14.55289858]"
iid,1,43,"[22.4067     20.81666667 34.09396667 39.4386     39.35       25.974
 30.745      15.4393     19.3259     27.8643     36.9668     10.60833333
 42.7893     37.89133333 50.0425     41.531      34.402      19.90615333
 10.01025     7.28133333  7.9534      9.94933333  7.94558333  7.92941667
 12.1237     12.1237     21.179      42.4504     68.42583333 54.35657667
 14.832      31.78       46.08733333 52.663      36.724      58.707
 62.133      55.643      57.575      41.8568      3.94856667  9.19217333
 42.7893     10.65333333 43.2367     20.4536     53.60323333 28.54193333
 29.6048     15.71080952 21.22595    50.59       62.104      61.08433333]","[ 6.36371308  9.88486301 11.96985991  9.44987281 14.44669166 11.82859772
  9.55681767 12.90874186  4.97078567 16.86682438 13.65502105  7.42141702
  2.86890592 10.85165284  4.18186387  9.83069372  3.15543911 16.08006122
  2.37174012  1.78002697  2.9603449   3.36763325  3.33419894  3.58063279
  2.20403569  2.20403569  6.09918511 15.05284411  7.63104856 19.69927061
  8.24047183  9.71474138  8.56871931 27.01949909 15.44224155  9.26951191
  7.01361611  7.1760749   6.5095526   7.86208063  8.68401547 17.01941456
  2.86890592  9.14393181 16.21902075 10.76800135  1.18931983  9.37554926
  6.17091314  7.73463495  7.03408273 26.41375967  9.10679878 10.62458831]"
iid,1,71,"[19.605      19.314      21.508      24.2907     30.566      36.401
 28.807      48.6721     55.68933333 28.64861905 19.517      21.654
 20.414       9.84826667 68.23125    25.285      25.33833333 25.06833333
 25.285      42.46333333 47.58607143 40.697      31.185      35.90125
 34.8815     34.7315     30.10623333 18.19756667 19.0328     20.9783
  6.81933333  7.52708333 15.74356667 22.301      58.468      32.568
 17.56342    52.7251      4.85953333  5.30765    43.70866667 57.71856
 43.91909524 47.58607143 26.47573333 55.8627     23.9749     23.3249
 30.3229     29.87753333 19.32916667 20.72083333 11.5202     30.28      ]","[ 3.22590685  5.48118637 13.20024757 10.88222599  8.66258876 12.55356121
  9.5678969  22.90900298 18.47345837  8.51853059 13.67582579 15.67303685
 15.43321755  6.41154517  6.97220766 13.60427414 12.70554243 12.99098181
 13.60427414  7.71302146  5.1152189   8.40001732  2.79479427  4.28483427
  3.79512618  4.07368786  7.41490921  9.05648748  6.39433476  2.94160468
  0.83702423  1.13568162 10.24420071  5.92355459  9.69395564 12.02669431
 12.39704218  7.04865171  9.14978547 10.79603809 10.64479029  7.6205566
  1.89463606  5.1152189   8.71652608  5.35844975  5.57624165  3.01816848
  7.31766728  7.14641563  9.88876     5.98897152 14.11894599 13.2147569 ]"
iid,1,97,"[21.35778333 21.7363     26.035      21.512      37.51906667 18.024
 35.2429     13.63733333 18.86766667 17.66769143 15.78073333 16.41543333
 43.36116667 43.16190476 31.2094     35.3601     32.816      35.9347
 21.94635    19.9671     11.777      11.83315    11.15725    36.815
 46.0193619  63.256      63.644      39.824      60.565      56.195
 61.989      18.6472     57.74323333 44.8676     55.18       42.0955
  7.48366667  6.82606667  8.11486667 55.59163333  6.90090476 12.94433333
 43.16190476 29.1978     25.76166667 25.76166667 25.76166667 20.077
 18.28691667 11.0963     36.00368333 36.00368333 28.5374     28.1683    ]","[ 7.15704126  2.90186687 11.90237266 11.87525393 18.31075832 10.83397545
 15.91187639 13.76660636 14.09861317 11.2665122  13.15574143 13.56074307
 14.45376442  7.64324951  3.60386288  2.00272639  3.35993214  1.60369726
  2.91597855  1.89543718  2.29672476  2.64164122  2.05654533 11.18696898
  5.92371037 13.56469919  6.80013706 16.02723382  6.67678628 11.46912704
  6.02385084 12.13840699 11.97443473  9.17565356  2.95475989  8.61189414
 12.73558994 12.76529808 17.3113927  13.84308157  4.10262615 13.93228071
  7.64324951 11.74342749  6.99655689  6.99655689  6.99655689  9.76325624
 13.1407504   6.46915024 17.83875727 17.83875727 14.16814572 14.49154374]"
iid,2,17,"[29.6492     24.583      28.19366667 59.73891667 46.7502     31.64016667
 45.16183333 41.561      43.22523333 18.53666667 10.92616667 10.92616667
  6.64408333 32.0744     56.562      59.5457     23.78683333  9.48935
 62.038      60.676     ]","[14.09648968 11.50841479  8.9135698  10.78190067  3.84649762 14.90239263
 10.93749217 12.35703763 12.54962132  3.91292269  3.58547262  3.58547262
  0.62871484 16.21274538  6.42720437  4.75480773  3.11035483  5.66777468
  6.31379094  9.8363725 ]"
iid,2,29,"[18.96966667 16.83059524 44.2169     26.724      32.2584     30.68275
 35.847      18.5536     10.89433333 25.31013333 28.03363333 62.80333333
 40.22626667 11.6787      4.28133333 40.35986667 48.64130952 53.3315
 27.45867857 63.03      ]","[ 2.69433189  8.83484422 10.81274643 11.6533868  13.45863609  4.02578361
  1.38520432  7.02457579  1.57047625 11.17717891 12.4843383   6.90379847
 18.18770576 19.50838244  0.74461131 10.05057615  5.32287523  3.43432566
  2.27411262  6.42410305]"
iid,2,43,"[17.9954     29.6774     39.3912     32.58       43.25041667 60.14683333
 32.265      32.265      21.1277     22.6408     24.25333333 48.87
 21.67933333  6.41391667 42.122      47.68666667 29.25316667 18.10880952
 63.708      37.7904    ]","[ 9.10419326 13.92908056 15.30319008  4.95667227 13.58040932  8.97524982
 17.99242271  1.858568    8.82957407  3.22484656  8.58673007  6.02624906
 17.97564343 11.63554335 12.40690703  3.56518661  3.49586557  8.71978164
  4.19322501 12.14011968]"
iid,2,71,"[35.9672     24.817      35.081      21.0297     16.77346667 16.72332667
 46.98621667 59.52602381 11.80366667 11.81276667 25.07       57.798
 27.63954    55.6136      6.72276667  4.05978333 55.63979333 27.54928333
 17.15899603 57.549     ]","[14.47215083 11.8383365  15.7667418   5.92561616 14.24548655 13.87643769
 12.77316391 10.17689722  2.29844945  2.24165544  8.44334649  9.95165293
  9.84544777  5.38814133 10.9688611   5.80262654  5.29198901  5.96610917
  8.53471535 16.08872238]"
iid,2,97,"[17.3018     20.32066667 19.113      29.13528333 33.70089048 18.188
 30.03416667 33.7775     11.18971429  9.35523333 40.7908     59.40416667
 13.473      48.21280952 63.603      22.97061667 43.21347429  6.306
 39.3117     48.79051667]","[ 9.54555345 11.43587705 11.82566408 10.47743399 10.61647488  4.56300953
  7.1956907  16.24975237  1.89418303  3.54966807 13.2850452   8.65629488
  8.35013599  6.68142366  6.45711166  8.48206078  7.30398902  1.60244521
 10.80293363 14.79434691]"
iid,3,17,"[23.54146667 23.5560381  29.0268381  33.30813333 36.0989     42.4487
 19.444      23.429      24.514      39.384      20.525      20.333
 45.25203333 47.1067     30.39331667 33.39316667 39.76983333 49.99777143
 20.3864     20.0664     36.11819524 17.108      17.79286667 19.66476667
 46.51981429 59.365      31.71653333 39.15711429 40.42088095 39.2125
 40.87       37.57       31.599      32.826      29.20074    16.34176667
 19.0384     33.09908333 34.1665     33.09908333 34.1665     12.08858333
 12.27658333 12.27658333 10.448      11.94141667 11.53241667  7.9635
 12.501      12.501      20.481      60.34       24.359      11.063
 25.487      38.80873333 48.604      57.222      53.837      33.771
 59.338      56.619      63.913      22.73246667 24.29133333 31.20313333
 20.6843     21.8056     57.63082667 51.8084     58.0449      6.71597667
  6.71597667  3.94851667 41.63098667 40.42088095 40.42088095 21.82275
 56.1579     29.3755     30.04371429 29.85466667 26.291      22.23708333
 19.68308333 12.4182     16.64966667 21.85826667 57.1525     23.6483
 25.1083    ]","[ 7.67930481 12.71146956 17.54559595 16.89728994 14.14234726 11.26949197
 14.88279087 15.49342632 16.42349549 14.12597409 12.08190693 14.13260807
 19.91356504 18.87491892 11.9943084   5.93210853 18.33228235 11.16879426
  5.04606689  4.86905402 22.64593366  9.39783441 16.08721841 18.35465694
 13.22068738 10.01688699 10.67847932 11.38744366  8.61461505 10.32425929
 11.75823541  2.97238961  2.23259916  1.51291903  9.92472987  7.99543851
 19.21499248 23.72918695 23.08243358 23.72918695 23.08243358  6.63201732
  7.77321779  7.77321779  3.50351909  2.04744606  1.26155982  3.00108193
  2.05345489  2.05345489  4.67648789  4.48379304  5.73822438  6.83673394
  4.55404556 16.98515365  7.67438927 14.44808347 16.24210981 14.54491179
  9.13704307  6.42768535  5.11473665 13.94892524  9.71214202  9.08233956
 12.4839719  12.28810997 11.91471136  7.14495538  5.08746312 11.16836071
 11.16836071  6.96861043 11.60758233  8.61461505  8.61461505 10.92455279
  3.65385722  5.43193666  4.85950954  6.73293319 22.48278495 13.90459898
 16.11142518  8.77734942 14.5983931  13.9289092  17.93061881 17.19836318
 17.09133875]"
iid,3,29,"[21.19       16.8823     33.49593333 46.48306667 42.2772     18.354
 23.217      20.667      23.051      31.424      26.853      29.573
 34.475      33.74368095 40.01204762 37.3282     23.05       19.6575
  9.49296667 65.57533333 36.38028333 35.85095    18.39319048 22.97442381
 48.13666667 17.58716667 41.06666667 29.901      36.996      32.305
 29.56006667 19.83243333 25.11953333 26.01063333 25.11953333 16.8696
 11.72623333  7.90098333  7.81941667 15.35933333 68.4395     39.50025
 17.14366667 18.00166667 24.017      63.318      63.3325     40.985
 61.822      43.16103333 58.857      58.029      38.474      57.525
 64.82       55.579      55.591      61.808      19.94163333  7.8516
 32.118      22.43843333 22.98486667 50.82606667 45.51434    54.6617
  7.66026667  2.97        2.386      44.4647     44.7174     43.22866667
 12.75416667 48.13666667 18.39319048 43.22866667 33.27176667 53.3208
 24.27458333 24.36458333 28.29305    28.4752     24.36458333 37.271
 18.82275    15.89540476 21.4246     37.62108333 37.62108333 11.686
 30.572     ]","[ 3.74084215 13.37898411 14.00013338  9.88431864  7.46840761  9.49400253
  9.67047108  9.77568468  9.46286949 14.49548288 12.90752846 11.29563504
  7.34417286 13.56887499 11.04858772 10.49183419 10.35101444 11.49736573
  6.75672978 14.66523676 11.36131452  8.7524308  10.8244284  11.73697788
  4.56083143 11.17315405 10.06990152 12.74788214  7.96346558  1.62587669
  9.49523583 10.01989023  5.04189014  4.2369982   5.04189014  7.43276435
  2.78674592  4.11550053  2.54037701 10.0587297   9.88991227 12.61473997
  9.03301192  8.52659418  8.69054722 14.64070613  6.84288453 15.70156919
  5.2255637  18.52815232 11.19071271  8.95005358 16.52774407 10.3521918
  3.59054313  7.4028818  12.67720076  6.61272531 11.53097499  7.00500117
 11.19124997 10.46336337 11.75660104 14.11292284  9.10658895  3.16601265
 15.50874086  1.18283558  1.72064058 10.71707446 10.48841348  3.6366531
 10.70360385  4.56083143 10.8244284   3.6366531  19.49156037  1.00454635
  3.37285083  3.43053899  4.43083479 10.21843998  3.43053899 14.48212205
  9.27161355  8.05760611  6.29209336 20.06025927 20.06025927  8.37381657
 12.43331074]"
iid,3,43,"[21.63       28.22124667 31.7876     40.73883333 16.1677     19.7327
 15.63       19.484      33.363      33.80933333 17.6496     18.17
 18.318      41.688      11.1124     52.21065    56.75327143 24.053
 21.695      37.862      31.6875     31.9795     35.92975    19.1056
 19.49655    21.0591      7.22675     9.24825    11.13316667  9.61302727
 10.2065     13.8205     52.21065    58.51007143 17.14726667 17.14726667
  9.696      17.97656667 17.97656667 28.77971111 27.96171111 30.55837778
 28.35106667 39.37334159 42.23333333 47.25941667 49.77058333 61.705
 58.905      60.292      61.537      60.814      33.077      60.676
 64.177      62.208      54.05585333 25.83753333 18.7362     56.92140667
 47.397      43.2135     53.9445     43.2135      5.03246667  6.6176
  5.7689      4.45851667 42.9362     47.5595      9.07658333 36.1967
 55.63833333  9.07658333 39.76471667 54.5348     56.5742     27.79483333
 29.9725     28.64873333 26.715      19.34913333 32.60559048 32.17054048
 21.68292381 18.2610119  20.46702381 43.16533333 63.78        7.9402
 31.7183    ]","[ 4.36498568 17.65013425 15.16923822  7.54332027 10.02751842 12.24199737
  9.36202435 12.07976589 11.72481689 13.41571805 15.36001549 15.98185215
 16.56571079 11.58752914  7.42566524 19.26492798 13.59763328 11.25189277
  8.22705749  7.58206806  2.14137076  3.23204343  1.5701819   7.30486185
  3.7642062   3.62519519  1.83982234  2.24571762  2.76147353  2.91391137
  3.55358731  1.9460485  19.26492798  9.24195944  8.34156734  8.34156734
  6.0729222   8.00532333  8.00532333 11.99999764 12.13875172 12.77493102
 15.35628193 16.21589974 24.24345834 22.12412458 21.01924401  4.45370352
 13.85716692  7.17205243 11.6029794   7.11463309 13.62195915 10.50522841
  5.58404611 10.42644407 20.59487549  9.86391131  6.01524044 13.27452053
  8.90979085 11.58612397  3.43960706 11.58612397  4.83367745  8.46648228
  6.92583192  8.03605959 11.07644111 10.76934375  5.67412765 10.11591845
  6.4440457   5.67412765 18.84696689  5.94204535  4.97600586  1.73606947
  1.67253363  3.39431714  4.37964325 12.31827048 15.58166246 15.12360919
 14.72594584  6.93118654 13.22880055 24.15852468  5.733812    7.08544056
 12.43692462]"
iid,3,71,"[23.849      23.985      22.1567     23.60153333 34.90015    40.6159
 27.202      20.449      18.923      36.9985     17.571      21.137
 19.643      37.057      52.09066667 19.2624     17.6888     40.16012381
 28.6833     28.8283     21.244      19.26469143 45.2826     16.79086905
 42.81       36.542      31.375      32.2        35.1725     22.50165
 22.50165    20.55036667  9.75266667  9.75266667  8.3263      9.89583333
 10.71583333  8.9199     13.6455     20.56901667 18.03511667 19.69395
 30.51       39.62506667 72.208      70.73316667 60.017      54.726
 60.874      62.909      55.838      33.697      22.114       7.82015
 34.669      33.71833333 24.10203333 48.3513     41.7552     41.7246
 42.48376    40.91375714 48.37204    48.25884     7.0935      4.3815
  5.33423333  3.46901667  4.2403     41.7552     41.7246     43.3277381
 28.8956     56.54913333 54.2287     26.58478571 30.41745238 26.58478571
 30.41745238 37.6763     39.40446667 19.75785952 19.95785952 10.9027
 65.72316667 63.32183333 58.69786667 32.07925    32.17175    32.17175
 32.9791    ]","[ 4.04688757  3.00537435 10.10705556  9.35344522 12.29362742  9.52097076
 11.6027495  14.01346849 15.49722462 14.35336625 12.41452613 14.76274131
 15.28028962 22.1859742  21.94675429 14.5710824   9.21186868 12.02423636
  5.37143352  5.17886243 14.25053908 13.76043308 13.58311644 13.6730654
 13.79857118  2.28147398  2.79139302  1.29614814  1.60075568  6.56766214
  6.56766214  8.29381562  4.82540756  4.82540756  4.7113445   3.55959062
  1.6127756   3.20986129  2.42847076  9.8533276   8.19083312  8.63003089
  7.51165095 11.57337788  9.83437522 11.93438647  7.56493298 15.24491141
  6.35856305  6.85647278  5.96539655 13.59536285 13.13363689  8.036252
 11.8860593  10.7366448  12.46814699 16.0357935  21.22709073 21.29319349
  8.77971747  7.03209391  8.98021291  8.74328676 12.92160705 11.76630455
 10.97816424  3.93290927  6.03130041 21.22709073 21.29319349  1.66807707
 10.98745533  4.64373611  3.41867684  3.16079299  2.15141039  3.16079299
  2.15141039 31.09114419 31.61472872 10.10172202 12.79137772  6.73658057
 11.59421453  9.36099078 13.64577204 15.09779393 15.11247958 15.11247958
 10.24385319]"
iid,3,97,"[24.33       21.897      17.8674     18.4086     35.49345    40.9389
 46.1798     32.907      37.787      29.3922     24.64       22.17083333
 35.74975    17.41963333 11.3368     51.95925    12.78886667 29.49036667
 31.40533333 29.69836667 42.554      38.003      32.6371     41.2271
 22.13135    22.30306667 11.12041667 11.0205     25.11311667 25.11311667
 51.95925    62.63266667 16.4582     24.2402     24.27       24.43476667
 36.90896667 45.20453333 62.017      48.25       53.325      52.735
 34.86933333 62.804      57.026      37.95133333 58.627      59.008
 19.1557     21.51143333 34.94696667 39.80336667 36.1351     35.8181
 37.9361     38.121      23.70066667 39.61283333 51.45072857 43.4986
 40.8132      7.77025     7.84835     8.00605     5.01296667  5.08406667
  3.04036667  3.3587     51.45072857 12.78886667 29.49036667 38.74817619
 39.95916667 33.08653333 39.7887     22.1868     51.6471     56.9334
 56.9334     34.66704667 27.59307143 34.66704667 31.4226     64.3082
 21.1669881  18.7302     18.4061     59.212      58.86283333 61.61616667
 30.7633    ]","[ 4.65154813  7.16729314  6.94488641  3.7093668  16.41068967 13.96271599
 10.20951468 13.56149147 20.10822048  8.6529345  13.93392615 13.48418024
 14.838495   11.22470958 10.73354255 21.45430195 14.69842573 20.80674171
 19.69345053 19.5633444  11.40122292  9.869574    3.88346811 14.49052468
  7.50172923 11.20481989  3.58161245  4.93706776 12.8641879  12.8641879
 21.45430195 11.30833516 10.65146078  9.80701116  6.65046615 10.34820771
 16.20465531  9.51934617 12.50643878 13.5347959  13.7202141  11.34366233
 13.69616141  5.02487652  6.56784013 16.79831369  8.37375489  6.76864359
 11.73645971 16.97255142 19.10068887 19.8111991  16.20712551 16.32069182
 14.193147   14.93154195 10.39583114 12.6577448  12.47014488  8.75867365
  9.65592905 12.47207979 13.06082367 13.9436951   8.14176852  8.92268942
  7.41627359  7.38433364 12.47014488 14.69842573 20.80674171  7.86011821
 10.01494959 19.34781425 19.43993803 10.11081539  7.00183552  4.91059838
  4.91059838 10.90441246  1.77297843 10.90441246  8.53033645 21.84846761
 15.15125852  6.4212751   9.30919587 11.53606761 11.24672047  9.41814957
 13.80745676]"
iid,4,17,"[14.6075     34.0865     26.7165     36.45       25.309      26.7244
 49.32737381 20.56741667 45.08083333 10.63907143 33.58625     6.87675
  7.51283333 25.013      46.98406667 67.223      58.5135     25.1042
 52.08362    45.3618     41.0681      7.38235     5.53565    36.9763
 19.3778     52.70756667]","[ 9.2752722   7.46241293 10.91918737  6.2671764  13.26977841 13.08593423
 11.97685173  5.35772237 14.261249    6.53110702  3.34064248  1.16016839
  1.21944854  8.2424833   9.56050555  9.94234233 13.81133023  9.40807666
  9.98023585 10.26006622 10.02460031 10.83809854  7.29087359 20.72649674
  7.8900052  18.4423727 ]"
iid,4,29,"[23.5384     28.1266     44.92073333 26.523      26.302      18.08
 30.28483333 43.24416667 28.22266667 22.01833333 11.52441667 56.54030238
 24.36       31.19745    36.4386381  58.905      62.229       3.15806667
 25.69132381 24.76055    53.5794     43.9524     41.18696667 29.7915
 16.94258333 51.56493333]","[ 6.40470932 16.95259229 10.28613905 12.66716113 12.28043957 11.2669428
  7.13046996  4.19744061 18.5028389   7.29025739  2.21410606 15.65056325
  8.44277206 15.00722754 16.25210061  7.95613443  6.57740519  5.73255848
 11.00855803 11.09426462  5.54840226  9.13559257 10.04770662  2.41397033
  5.97858991 18.61927058]"
iid,4,43,"[24.06       33.79876667 38.28583333 42.56347143 37.3845     48.52127619
 12.70743333 18.88183333 39.89333333 31.98       16.60365714 15.12783333
 68.30625    21.1926     19.408      55.801      33.382      61.849
 18.7934     59.6399     44.1174     47.4134      5.15211667  3.94175
 27.54166667 20.66245   ]","[ 2.5993076   9.14738432 15.79925471  9.81750863 13.70009068 12.87978637
 11.11919497 14.24310805 15.03667313  1.7634058   9.14670912  7.23975166
  7.87005439  7.79879614  7.72975653 13.25452749 12.9487326   6.1019914
 12.26388407  4.77385745  9.68065417  9.72694291  6.26582329  6.1348742
  2.53983541 10.39456875]"
iid,4,71,"[16.34934286 28.836      33.5054     33.06026667 50.1078     48.94422619
 20.945      32.63283333 36.458      38.201      34.82       26.09166667
 11.363      11.2956     48.20236667 62.325      30.068      49.52315
 25.823      35.3227     13.96673333 46.68583333 24.98031667 68.313
 18.1824     18.30586667]","[ 7.84502408 11.25301311 14.38453777 17.57003118 15.40720868 12.65277104
  5.42489401 16.38653927 12.68667159 11.40776486  1.29522199  2.74077594
  2.51356191  1.71149836  7.27444744  6.25124588  9.35572424 21.55106028
 11.30578485 10.77449088 21.65451742  6.03746239  5.92718879 21.8553822
 14.56489211 13.10733639]"
iid,4,97,"[19.6        20.95646667 42.28769048 30.72836667 38.63869524 28.42133333
 36.8609     19.96441667 14.05276667 22.9965     27.30366667 20.93285
 11.89541667 10.7765     11.93333333 33.24942857 58.112      64.496
 34.85533333 22.05228333  4.8307     44.11283333 55.29142667 28.548
 20.36958333 17.00891667]","[ 2.78478006  9.1030551  15.98405771 12.1514278  12.30562147 17.37124269
 11.8939541  10.29608426  9.66635559 11.00628818 10.29205879  4.42472125
  2.33870256  1.38796183  1.2835173  10.03302273 10.5692978   3.49525164
 11.07602212  9.50235512  5.32298662 10.85804684  5.82585841 23.2208763
 10.81777327 11.1376159 ]"
iid,5,17,"[29.11763333 18.374      27.0526     34.32       48.44755714 12.597
 18.11       45.0751     26.5507     20.7357     19.95079762 38.557
 34.825      31.94475905 31.94475905 21.47746667 60.78833333 24.1732
 26.429      46.54143333 69.044      63.589      56.655      57.415
 32.439      56.963      20.8914     49.6909581  24.4257     30.836
 29.6835     56.6602     45.6535     54.7986     53.0343      7.29926667
  2.135      49.1685     54.0686     46.97083333 56.645      12.48158333
 37.18936    41.24232667 19.7222     52.1743     54.0216     59.5575
 20.74066667 25.61683333 25.61683333 19.90766667]","[15.47294182  9.97410267 10.75330039  7.18523486 13.22975681 11.95503622
 13.12043825 14.62515185  9.66552008  8.7341396  13.60242542  5.7004606
  1.51884002 16.65523047 16.65523047  1.93371164  6.08161414  5.06326236
 10.34004154  9.95175849 13.20108571  6.30842128  7.92428388  9.84265589
 11.70935434  7.33766523 15.98179245 22.13327889 10.09325659 10.4297605
 10.23473306 12.28976493  9.30240855  5.53031898  4.28815001 15.36575448
  1.69831534  9.19739554 15.69428915  6.49477755  5.64725376  6.93952334
 20.00885946 21.11756412  9.74615192  6.31745222  4.76452048 16.58920489
 12.12334704 12.16884507 12.16884507 14.35740321]"
iid,5,29,"[23.64866667 14.8804     19.2194     27.4425     29.50013333 28.61466667
 35.83166667 30.54066667 35.568      43.253      31.9925     13.477
 22.766      19.9254     20.977      39.27883333 48.62       39.73983333
 36.2365     39.032      33.99775    16.8995     17.94023333 18.58803333
 18.58803333 23.516      14.436      37.05746667 63.384      39.364
 42.34286667 33.347      21.05946667 41.58333    28.8         6.5706
  7.63416667  5.40421667  5.40421667  6.09015    43.95873333 42.89093333
 46.05       51.9178     24.03333333 26.8975     28.00293333 17.69096667
 56.2255     63.90666667 20.69566667 19.11596667]","[ 6.15381259 11.95598322 13.77107122 10.79251768 10.94263175 15.59406391
 13.06711681 16.87996615 13.78527388 15.57872559  5.47590803 11.4047872
  8.41081708 12.79975519 14.09075481 11.10389793  6.03287659 13.06881762
 11.98332979 10.95140977  1.96244775  8.8606007   3.63853698  4.15723415
  4.15723415  5.74041323  7.86997484 15.93713477  7.3898     15.13701767
 16.04366493 12.64946208 10.56155728 18.71710379 10.16087595 10.49080478
 14.81410642  7.15694561  7.15694561  9.23804931 11.36774713  3.7091205
  9.799426    6.96646188  3.02153727  2.65852546  8.18797293  6.52691049
 18.70676815  3.90329775 17.7921803  17.87003503]"
iid,5,43,"[20.196      33.5949     27.551      31.592      26.667      38.4904
 33.90996667 33.90996667 14.4604     14.8443     38.18008571 35.458
 50.5382     63.98291667 31.58175    43.57333333 34.15333333 31.752
 32.92       44.93873333 24.47745    21.3299     21.8042      7.645
  7.12407143  7.899       8.88732143 10.8443     20.9899     16.471
 18.5675     21.6804     33.0903     37.1268     45.7097     34.52
 61.618      54.502      54.844      58.673      38.97513333 26.092
 55.3439     29.1852     54.4841     55.0041     28.43833333 30.46833333
 30.48833333 67.0497     19.5622     28.887     ]","[ 7.21707586 12.09315141 11.95287827 13.57073823  9.70462833 20.30179804
 10.54747967 10.54747967 12.04498766 14.83644858 11.95348919 26.70612357
 21.8435045  13.84138834  7.34843471  7.11391711 16.26081999 13.79972811
  1.61356748 10.33282053  2.40842038  6.88591599  7.18088674  1.18974904
  1.7111023   1.89222396  2.57959003  1.64170232  5.03322948  7.49490887
  7.59782366  7.98806321  8.21377714 16.64540248 10.68662598 13.1629404
  5.26756832 10.82900716  8.82739282  7.71674614 18.7913329  10.43256133
  3.31807381 10.91444259  5.58878808  3.60841907  8.94720914  2.25039441
  1.7507546  22.64632816  6.27461785 13.43658182]"
iid,5,71,"[23.8733     23.05       18.09096667 19.5138     26.1353     32.494
 27.757      29.184      36.328      27.235      27.36033333 39.31284286
 21.3326     42.2232     10.44291667 39.35958333 28.62333333 30.888
 35.5        18.76698571  7.49058333  8.30025    61.24166667 15.2994
 23.753      30.47       47.5537     37.532      62.466      53.621
 62.142      32.346       3.5311     48.0304     34.174      53.6426
 40.5792      3.19683333 41.07903333 34.065      17.7295     27.2935
 52.9882     29.1465     28.69425    18.50475    17.5875     19.13905
 63.41833333 47.53716667 14.46353333 29.063     ]","[ 4.61461115  3.82981723  8.62582277  7.46587259 10.49868415  9.30682137
 10.52332889 12.98883921 13.98022232 10.41616412 10.88690314 11.79312448
  6.0715182  12.09657066  4.92364849 10.96527121 18.40058302  1.48123462
  1.77623197  4.20208488  1.90623089  3.0004245   5.03727081  8.57624834
  5.86297629 16.86436776  8.60872547 15.29017253  6.0417418  12.9920075
  5.856794   12.0209186   5.98756489 22.61173071 11.3774832   6.07509829
  7.83074756  1.67047306 12.68217397 10.83597135  6.06541266  8.93554435
  3.31049222  3.52061965  4.11103185  8.34968614  9.95460792 15.26012911
  4.93780737 16.0489728   9.06192172 13.69587277]"
iid,5,97,"[20.9305     27.22       25.721      21.7427     26.347      23.693
 27.908      29.38568    33.7794     28.52733333 16.7393     49.7330619
 15.7502     16.88       38.437      16.374      45.2485     28.428
 31.494      43.86362381 17.92143333 17.79566667 25.4642     12.24355
 18.9586     21.77506667 29.43673333 42.0804     42.0804     58.362
 58.659      57.678      55.981      57.102      31.386      19.3898
  3.43455    26.5907     18.7811     53.2642     50.73696667 52.87166667
 39.2556      3.99248333 57.08538667 33.93757143 29.56136667 41.3445
 21.89025    56.322      31.4455     35.0215    ]","[ 6.28596808 11.91692074 11.85318771 11.10873286 11.87212445  8.29360302
  9.81818395 10.97919474 19.18635019  8.21407651  9.13660246 11.29863586
 10.73244594 12.44501764  4.94317014 11.88835806  4.43206441  9.85774903
  2.02787179 11.77140745  8.71266351  3.10490657  5.40914433  8.49011888
  6.79248011 13.55789736 12.91226315 11.14631481 11.14631481 14.05686864
 13.27209173  7.30107636 10.88562074  6.63312867 11.19442736 13.08489427
  6.18808489 11.58544011  5.3964275   8.38989799  6.20867266  7.33169337
  5.72365186  6.4065093  10.82587823  8.23007721  5.04950535 22.8308777
  7.43349449 16.28876656 11.33561444 13.37453045]"
iid,6,17,"[19.563      14.62473333 16.8077     37.73033333 22.639      33.491
 19.5028     25.019      68.09       32.586      59.01       29.969
 60.5391     55.5147      5.98116667  3.2965     52.8508     13.8079    ]","[ 5.84545387 11.55169566  9.41258518 13.0328901   8.42900819  3.34757659
  2.77040406  5.42196819  6.40639524 12.07616678  7.69640825  8.56404922
  4.32151748  5.56920685  8.12761946  4.64976447  3.78896679 11.80686659]"
iid,6,29,"[30.00343333 39.7193     19.34096667 38.63959762 16.14716667 16.6783
 40.4935     21.79103333 26.22683333 20.80775    11.0135     40.34621429
 58.071      61.994      26.23466667 24.31583333 16.66866667 63.83      ]","[14.74616826  6.60140943 14.75396116 21.45606612 15.06827592 15.71495363
 13.07831345  9.95328554  2.9679029   3.53432769  2.27709085 14.07398337
  8.14667165  5.92166902 11.47559335 17.30290492  5.17706818  4.27447073]"
iid,6,43,"[36.3162     43.57853333 17.434      20.4746     18.62148333 21.71495
 21.5594     61.6385     63.583      61.784       9.2187      7.82696667
 55.4276      9.36497    23.02389048 53.2642     23.78683333 29.71426667]","[13.65364838  7.57251382  6.51626093  9.15767336  9.69494164  4.65925174
  8.25979538 18.03239426  4.42949331  6.13145529  9.73756198 10.11286486
  2.76907678 17.56847262 11.22122856  4.72018711  3.11035483  3.88848645]"
iid,6,71,"[30.328      23.0577     33.92133333 55.59095    31.2484     10.12586667
 43.5694     11.0331     35.9919     63.216      63.414       4.9244
 36.1955      8.90841667 34.57276667 35.162      48.48338095 31.038     ]","[13.51636105 11.47212795 10.28260832 15.47705183 12.38111649  4.93289958
 12.39014837  2.01466756 14.83283039  6.03292168  6.5778875   9.45524446
 14.51923444 16.81034114  7.30170642 10.58243857  4.42031083 12.29936287]"
iid,6,97,"[28.946      40.809      26.787      40.1565     48.0303619  28.88309524
 41.183      37.645       7.95866667 21.63283333 24.46033333 27.5507
  6.69221667  5.37356667 47.92480952 53.3252     19.19856667 54.58741667]","[10.80324414 12.96599472 12.30060694 12.51522803 17.54992513  8.08816689
 11.0412776   2.90886146  2.54649266  7.92790236  6.67903801 11.5263992
  9.64295524  7.36098538  4.23903444  1.25826029  8.16335205 16.28988691]"
iid,7,17,"[41.251      37.75506667 15.6216     42.41766667 39.09666667 37.54
 31.251      11.22175    16.9524     32.7382     36.388      62.814
 63.194      27.24        4.1053      4.71598333 42.9435     50.24836667
  7.10766667 42.41766667 39.05553333 54.6199     28.693     ]","[15.19362034 13.1545236  12.42673712 14.83214187 10.83636317  2.85891588
  2.12431142  2.41790483 10.9563672  15.13169306 14.63450225  4.47381314
  6.63728589 11.57031547  1.53061927  6.73721911  9.38113025  8.4997904
  4.81323143 14.83214187 15.21999625  2.65667856 15.02189905]"
iid,7,29,"[33.51866667 20.352      35.4248     28.83103333 49.42685714 14.6463
 44.19583333 33.57558333 19.73665    23.35801667 23.35801667 21.737
 51.23228333 63.06541667 63.518      15.6816     51.7808     48.3071
  6.0178      5.94908333  5.20108333 27.5719     53.684     ]","[13.14604587 13.636044   21.91419629 10.6340339  12.10799209 15.92474443
 13.60265178 12.21297211  7.87360562 10.64301274 10.64301274  5.65081684
 23.60426785 15.99919622  5.60072103 10.03605786 10.94909153  9.34342414
  9.16485282  7.62592934  5.97204932 11.30022236  3.4607268 ]"
iid,7,43,"[27.457      35.689      38.91753333 25.5664     24.5184     22.048
 22.033      34.9598     40.578      35.7        33.97865    33.97865
 20.1775     29.26106667 14.10066667 26.309      26.236      59.301
 53.811       4.56016667 58.08050667 18.06816667 18.72127778]","[11.5331024  13.54132855 18.54137343 13.61127654 13.21521689 11.6910263
 13.48447266 10.28811246 10.47594941  1.14618934 16.83348397 16.83348397
  6.43790546  6.88188104  8.13688274  3.63125584  8.6134258   6.15310483
  6.65788097  8.64183542 10.62049942  6.9727971  10.17653694]"
iid,7,71,"[17.19813333 35.26614286 33.539      48.1121     39.25072857 22.43484524
 47.396      40.678       8.34184524  8.29125    11.83366667 21.1922619
 60.16833333 22.18556667 29.19556667 67.99       59.576      57.431
 63.208      30.161      39.5298     23.83625    35.56013333]","[10.10551435 14.46461885 13.92615449 13.47770551 20.52279557 15.33477843
 13.37868913 12.29055393  2.29065432  3.42632525  1.8454117   9.37537666
  7.84131668 11.80569873 10.83618834  9.40557813 12.05870739  7.27586002
  5.75732021  9.64967248  7.2582739   2.88703913 12.99935615]"
iid,7,97,"[29.26990476 36.75753333 14.3973     34.97003333 34.9405     14.39583333
 36.57775    16.87963333 17.52285    24.805      24.805      10.40658333
  8.47441667  9.18808333 44.71916667 43.40992857 31.614      57.758
 51.26266667  7.65836667 29.62416667 26.467      16.28672222]","[ 8.70849466 12.53158217 12.3133836  12.22443692  9.03168758  9.40571734
  1.87099203  7.9844119  11.12127936 13.48865253 13.48865253  1.77686025
  2.98176524  3.41080431 14.74680123 10.90825853 11.12756955  8.0757313
 20.3985077   6.12356306  7.04892865 20.84728786  7.82884646]"
