seed_6_y_pred,seed_6_y_std,seed_13_y_pred,seed_13_y_std,seed_42_y_pred,seed_42_y_std,log (Separation factor)
0.4781986474990845,0.9929239749908447,0.42798125743865967,0.8370577692985535,0.48589277267456055,0.8300771117210388,0.20411998265592482
0.49930524826049805,0.8153110146522522,0.47648191452026367,0.9891916513442993,0.43573856353759766,0.8575372099876404,0.3010299956639812
0.5003234148025513,0.8153053522109985,0.4685509204864502,0.8633098006248474,0.46477556228637695,0.8239902853965759,0.3424226808222063
0.4329230785369873,0.8106507658958435,0.4288686513900757,0.8370532393455505,0.3949768543243408,0.8249151706695557,0.505149978319906
0.4180142879486084,0.8418473601341248,0.42113423347473145,0.893295407295227,0.4374176263809204,0.8575364947319031,0.5797835966168101
0.40419328212738037,0.8137997388839722,0.4304734468460083,0.8370665907859802,0.39687132835388184,0.8249483704566956,0.6232492903979004
2.075681209564209,0.7320032119750977,2.721675157546997,0.735918402671814,2.6987357139587402,0.6918150186538696,3.26030994579492
2.1743416786193848,0.7412967681884766,3.0714454650878906,0.7134537100791931,3.0757765769958496,0.7104140520095825,3.0791812460476247
1.998367190361023,0.5412942171096802,1.9987002611160278,0.5201343894004822,2.1375043392181396,0.5465396046638489,2.3979400086720375
2.1071932315826416,0.4600948691368103,1.982296347618103,0.4772092401981354,2.0661087036132812,0.46729379892349243,2.3010299956639813
2.0424811840057373,0.4923471212387085,2.103287935256958,0.44788485765457153,2.117189884185791,0.4948570430278778,2.204119982655925
2.286000967025757,0.42976129055023193,1.8783388137817383,0.5427775382995605,2.306257486343384,0.4655173122882843,2.146128035678238
2.1952834129333496,0.4998505413532257,2.14064359664917,0.576977550983429,2.365330457687378,0.5356193780899048,2.0791812460476247
2.0254385471343994,0.4941631257534027,1.9742857217788696,0.4664615988731384,2.0193681716918945,0.4926910400390625,2.075546961392531
2.1424612998962402,0.5072107315063477,2.1745870113372803,0.4067290127277374,2.184892177581787,0.4910891652107239,2.0
2.2336039543151855,0.5010486245155334,2.273021936416626,0.4080621898174286,2.1519181728363037,0.49640005826950073,1.9030899869919435
2.1002049446105957,0.4794125258922577,2.1476638317108154,0.444232314825058,2.1845932006835938,0.48080962896347046,1.845098040014257
2.0946426391601562,0.5286966562271118,2.0941529273986816,0.48915794491767883,2.2021076679229736,0.48660150170326233,1.845098040014257
1.9264955520629883,0.714428186416626,1.9196281433105469,0.7260310649871826,1.7789897918701172,0.6281052231788635,1.6020599913279625
1.371841311454773,0.6463276743888855,1.486025333404541,0.6239637136459351,1.2809679508209229,0.5913273096084595,1.3010299956639813
1.1907281875610352,0.598795473575592,1.1795990467071533,0.56578129529953,1.1998696327209473,0.5936912894248962,1.2855573090077739
1.2159314155578613,0.5351265072822571,1.195003628730774,0.5495115518569946,1.1752262115478516,0.5045700669288635,1.2671717284030137
1.4387232065200806,0.6924091577529907,1.7859548330307007,0.7301941514015198,1.2152878046035767,0.6716684699058533,1.2405492482825997
1.6891499757766724,0.8938219547271729,1.7944536209106445,0.9155028462409973,1.4633009433746338,0.7029123306274414,1.2253092817258628
1.1662102937698364,0.5589838027954102,1.1416206359863281,0.5867635011672974,1.1670925617218018,0.5750293135643005,1.2174839442139063
1.1750121116638184,0.6010091304779053,1.1383898258209229,0.5801113247871399,1.256065845489502,0.6099696755409241,1.2041199826559248
1.2034721374511719,0.5878837704658508,1.245607852935791,0.6258051991462708,1.1588093042373657,0.5711520910263062,1.1958996524092338
1.2050973176956177,0.5211435556411743,1.2549299001693726,0.6314874887466431,1.2156949043273926,0.48317646980285645,1.1903316981702914
1.2354367971420288,0.5664370059967041,1.255906581878662,0.6279458999633789,1.1726188659667969,0.5143455862998962,1.1789769472931695
1.2354367971420288,0.5664370059967041,1.255906581878662,0.6279458999633789,1.256065845489502,0.6099696755409241,0.9138138523837167
2.4724035263061523,0.8624606728553772,3.253472328186035,0.84721839427948,3.3886361122131348,0.8329479098320007,1.4548448600085102
1.2115572690963745,0.740192174911499,1.105528473854065,0.7473919987678528,1.1427621841430664,0.7458714246749878,1.2227164711475833
0.9871249794960022,0.7377808690071106,0.9919028282165527,0.7412048578262329,0.9594110250473022,0.6566364169120789,1.1034616220947049
1.0512163639068604,0.7208250164985657,1.0211067199707031,0.7422751188278198,1.0663141012191772,0.7166455388069153,1.0610753236297918
0.9468644857406616,0.7273786664009094,0.9398423433303833,0.7012222409248352,0.999739944934845,0.694094181060791,0.9294189257142927
0.9210398197174072,0.7252857685089111,0.9058116674423218,0.7564675807952881,0.9207543134689331,0.7055308818817139,0.8450980400142568
1.2165937423706055,0.7559837698936462,1.4237264394760132,0.7589501142501831,1.2377856969833374,0.7486884593963623,0.6464037262230695
2.584829807281494,0.6132412552833557,2.287201166152954,0.5722326636314392,2.2109668254852295,0.6173064708709717,1.8881233072979084
1.4290351867675781,0.5390285849571228,1.5309011936187744,0.49295535683631897,1.5273232460021973,0.5436723828315735,1.4756711883244296
0.9864017963409424,0.5549669861793518,1.0476529598236084,0.5021818280220032,1.017951488494873,0.4398947060108185,1.2174839442139063
0.8389613628387451,0.5558418035507202,0.7924229502677917,0.5230026245117188,0.84425288438797,0.6075088977813721,0.9439888750737718
0.6884565949440002,0.5206726789474487,0.79952472448349,0.5243608951568604,0.7578181028366089,0.5671297311782837,0.7403626894942439
1.5152614116668701,0.5739091634750366,1.5710597038269043,0.49111315608024597,1.5407207012176514,0.6201599836349487,1.398634324538392
1.6167956590652466,0.5394941568374634,1.6146588325500488,0.5103338956832886,1.6360212564468384,0.5410284399986267,1.584218112117405
1.803175687789917,0.5377727746963501,1.8305069208145142,0.5099162459373474,1.8590505123138428,0.4445062279701233,2.1048284036536553
2.2925145626068115,0.448665052652359,2.3114824295043945,0.4952663779258728,2.3038530349731445,0.47002795338630676,2.361538971269279
3.3730034828186035,0.6176377534866333,2.9554696083068848,0.6052752137184143,2.9910871982574463,0.5749244093894958,2.8147801457458046
0.7437801957130432,0.36100509762763977,0.7479247450828552,0.38298407196998596,0.7798391580581665,0.36400899291038513,0.8169038393756602
0.691918134689331,0.30951833724975586,0.6838774681091309,0.32698601484298706,0.6573866605758667,0.3301036059856415,0.7355988996981799
0.6616494059562683,0.34991177916526794,0.6446390151977539,0.360994815826416,0.6267415285110474,0.37529420852661133,0.667452952889954
0.7622419595718384,0.3543679714202881,0.7559140920639038,0.3789398670196533,0.7520031929016113,0.3262194097042084,0.8382192219076258
0.6740848422050476,0.3215317726135254,0.6612272262573242,0.3105708360671997,0.6660415530204773,0.32952725887298584,0.7419390777291989
0.6318831443786621,0.3730158507823944,0.6797345876693726,0.33342331647872925,0.6663587689399719,0.3621974587440491,0.7419390777291989
0.7422176003456116,0.31615957617759705,0.7661405205726624,0.37399396300315857,0.7791579365730286,0.31494149565696716,0.8530895298518655
0.7150917649269104,0.30211341381073,0.6807814836502075,0.32682642340660095,0.7002049088478088,0.2889306843280792,0.7339992865383869
0.6406773328781128,0.36818385124206543,0.6691367626190186,0.3329175114631653,0.667148232460022,0.35105660557746887,0.6637009253896482
0.794047474861145,0.34275302290916443,0.7239624857902527,0.3270399272441864,0.7607961297035217,0.3645675480365753,0.865103974641128
0.7055164575576782,0.29655325412750244,0.6918262839317322,0.3194836974143982,0.7025615572929382,0.29721614718437195,0.7543483357110189
0.6695704460144043,0.3130856454372406,0.6765714883804321,0.3337702751159668,0.6835406422615051,0.32403427362442017,0.6627578316815741
0.8191629648208618,0.31667813658714294,0.8376672267913818,0.31300321221351624,0.8004258275032043,0.283328652381897,0.8331471119127851
0.7321197986602783,0.27939102053642273,0.7449066042900085,0.26118752360343933,0.7110957503318787,0.2788422107696533,0.7881683711411677
0.6825357675552368,0.3172552287578583,0.6925719976425171,0.3564881980419159,0.6775099635124207,0.3216160833835602,0.6989700043360189
0.8135279417037964,0.29604122042655945,0.7726814150810242,0.3047504723072052,0.8168473839759827,0.30014827847480774,0.8976270912904414
0.7954998016357422,0.2520909309387207,0.7851213812828064,0.26393333077430725,0.734968364238739,0.23425619304180145,0.7781512503836436
0.6918238997459412,0.30757462978363037,0.7098244428634644,0.3469699025154114,0.738899290561676,0.29688310623168945,0.7092699609758307
0.8536096215248108,0.30271053314208984,0.833914577960968,0.3067387640476227,0.8669809103012085,0.3618042767047882,1.0784568180532925
0.8086069226264954,0.28237977623939514,0.8512704372406006,0.25290700793266296,0.8419767618179321,0.25425511598587036,0.8375884382355113
0.7286139726638794,0.32116782665252686,0.8191838264465332,0.3052997589111328,0.7607560157775879,0.37029120326042175,0.6884198220027106
1.0236999988555908,0.4231796860694885,0.9722650647163391,0.3707704246044159,0.997294545173645,0.36986711621284485,1.1861083798132053
0.9193581938743591,0.3984270691871643,0.9034817218780518,0.33294355869293213,0.9040188789367676,0.32571661472320557,0.8267225201689921
0.9277631044387817,0.42246192693710327,0.928360641002655,0.40918445587158203,0.8629984259605408,0.3710234761238098,0.8055008581584001
1.0930323600769043,0.6952781677246094,1.1595669984817505,0.6476859450340271,1.0567188262939453,0.6749340295791626,1.3643633546157308
1.0570359230041504,0.5881860852241516,1.0073796510696411,0.4964284896850586,1.0491256713867188,0.630706787109375,1.2227164711475833
0.8926969170570374,0.5338833928108215,0.9049859046936035,0.5203338265419006,1.1738965511322021,0.3954037129878998,1.0644579892269186
1.1431246995925903,0.34023088216781616,1.1034448146820068,0.3562656044960022,1.1307626962661743,0.36920711398124695,0.8715729355458788
1.1391375064849854,0.32797905802726746,1.1128087043762207,0.35050368309020996,1.128546953201294,0.35765179991722107,0.846955325019824
1.0382328033447266,0.3108835816383362,1.0395176410675049,0.30629992485046387,1.1344802379608154,0.348999947309494,0.7774268223893114
1.1392443180084229,0.29793792963027954,0.9998868107795715,0.322983980178833,1.1308906078338623,0.32656118273735046,0.8450980400142568
1.071556806564331,0.26267367601394653,1.0765182971954346,0.2874408960342407,1.04290771484375,0.2647486627101898,0.9731278535996987
1.1858346462249756,0.3012583553791046,1.2168750762939453,0.3117509186267853,1.1841328144073486,0.3014695346355438,1.1760912590556813
1.2762558460235596,0.32248571515083313,1.2444825172424316,0.3245183825492859,1.3110411167144775,0.35978934168815613,1.3521825181113625
1.4050339460372925,0.4071590006351471,1.2444825172424316,0.3245183825492859,1.3001381158828735,0.3477631211280823,1.3434085938038574
1.207564353942871,0.32396939396858215,1.2253906726837158,0.34441447257995605,1.24030601978302,0.3583182096481323,1.2605483726369795
1.1133275032043457,0.41187748312950134,1.2849705219268799,0.44235289096832275,1.2548391819000244,0.46513956785202026,1.2460059040760292
1.9272313117980957,0.6967158913612366,1.8436689376831055,0.634397029876709,1.718861699104309,0.3722393810749054,1.1335389083702174
0.135048508644104,0.8862169981002808,0.12518036365509033,0.8455365896224976,0.1800466775894165,0.8657745122909546,0.25984415912950387
0.5998262166976929,0.8186013102531433,0.592680811882019,0.8497810959815979,0.593098521232605,0.8624517917633057,0.5693739096150459
0.14851701259613037,0.880403995513916,0.21522009372711182,0.864447832107544,0.18919777870178223,0.8414929509162903,0.134905422521204
0.20214319229125977,0.8489760756492615,0.200067400932312,0.8502035737037659,0.20690619945526123,0.8646758794784546,0.057018743462753624
0.5332049131393433,0.8371589779853821,0.5264538526535034,0.9849027395248413,0.550796389579773,0.845698356628418,0.5440680443502757
0.21777403354644775,0.818240761756897,0.2345644235610962,0.8644237518310547,0.21741819381713867,0.8368776440620422,0.1887887561999041
0.21373534202575684,0.8507859110832214,0.21345674991607666,0.8521500825881958,0.1684868335723877,0.8422510027885437,0.32102665773805583
0.5264233350753784,0.9387745261192322,0.5196579694747925,0.8411605954170227,0.5351165533065796,0.8457059860229492,0.5198279937757188
0.5234066247940063,0.9401110410690308,0.5700429677963257,0.871792733669281,0.5157300233840942,0.6712446212768555,0.5024271199844327
0.5482139587402344,0.8385412096977234,0.6075000762939453,0.8779211640357971,0.5626134872436523,0.8500476479530334,0.49554433754644844
0.2575429677963257,0.6826605200767517,0.2629910707473755,0.8740623593330383,0.2545517683029175,0.8258556127548218,0.377943380255784
0.7666839361190796,0.8635345101356506,0.7099160552024841,0.962256908416748,0.6496757864952087,0.9444966316223145,0.7626785637274363
0.2491748332977295,0.8118739128112793,0.2588769197463989,0.7747557759284973,0.24843358993530273,0.8591717481613159,0.30330969374508143
0.2040865421295166,0.9269735813140869,0.2243328094482422,0.7731648087501526,0.19684553146362305,0.8224374055862427,0.18412335423967113
0.7062122225761414,0.8461535573005676,0.7027959227561951,0.7761750817298889,0.6333926916122437,0.9322633743286133,0.7272158209084926
0.26324474811553955,0.6639266014099121,0.2556239366531372,0.718278169631958,0.2606083154678345,0.9422801733016968,0.0022796980811002577
0.12372004985809326,0.9317301511764526,0.12289249897003174,0.8738741278648376,0.11673593521118164,0.708626389503479,0.2374806502767422
0.6654093861579895,0.6474559903144836,0.6694021224975586,0.8462743759155273,0.6866925954818726,0.846280038356781,0.6683859166900001
0.6515994668006897,0.8587350845336914,0.6353795528411865,0.7770112752914429,0.6581671833992004,0.8509611487388611,0.6232492903979004
0.6522743105888367,0.8485970497131348,0.6930829286575317,0.9597108364105225,0.6900190114974976,0.8490228056907654,0.6053050461411095
0.1805037260055542,0.8413892984390259,0.24299538135528564,0.858266294002533,0.23951399326324463,0.753186047077179,0.4359352590196724
0.9589376449584961,0.8314136862754822,0.9000507593154907,0.8660413026809692,0.9443867206573486,0.8330416083335876,1.0128372247051722
0.16130006313323975,0.8411661386489868,0.31070733070373535,0.8377645015716553,0.27415764331817627,0.8491060733795166,0.25984415912950387
0.23443591594696045,0.8770480155944824,0.23373115062713623,0.9018753170967102,0.3031412363052368,0.8458345532417297,0.19289736949889066
0.910315215587616,0.9352394938468933,0.8526957631111145,0.8642727732658386,0.8977989554405212,0.9701018929481506,0.9289076902439527
0.25260233879089355,0.8059082627296448,0.25060486793518066,0.8378100991249084,0.2820674180984497,0.8461715579032898,0.0022796980811002577
0.11004340648651123,0.9606127738952637,0.12095785140991211,0.8581975698471069,0.12591063976287842,0.9006808400154114,0.2172772761581854
0.8513843417167664,0.8393286466598511,0.9412564039230347,0.9066782593727112,0.851157546043396,0.8725553154945374,0.8260748027008264
0.7864331007003784,0.839739203453064,0.9328989386558533,0.9081606268882751,0.7856682538986206,0.8731940388679504,0.7715874808812554
0.767708957195282,0.8716173768043518,0.9320855736732483,0.9100967645645142,0.7855426669120789,0.8337449431419373,0.6963563887333322
2.564305543899536,0.6841686964035034,2.5092105865478516,0.6904570460319519,2.4686501026153564,0.7294902205467224,2.506505032404872
2.4633889198303223,0.5717661380767822,2.4316840171813965,0.6445617079734802,2.4974327087402344,0.5812313556671143,2.4409090820652177
2.2455716133117676,0.679482638835907,2.0697991847991943,0.6715885400772095,2.030792713165283,0.6482886075973511,1.8195439355418688
1.7487066984176636,0.6083078980445862,1.7893251180648804,0.6364161968231201,1.736907720565796,0.656743586063385,1.8195439355418688
2.748988628387451,0.6293464303016663,2.7639551162719727,0.6143093109130859,2.770476818084717,0.6123970150947571,2.762678563727436
2.7075514793395996,0.5140390396118164,2.648423671722412,0.48265233635902405,2.6171185970306396,0.5472020506858826,2.6580113966571126
2.3899176120758057,0.6508407592773438,2.094489336013794,0.6270381212234497,2.1460320949554443,0.6871212720870972,2.1903316981702914
1.9532300233840942,0.6025611162185669,1.9593262672424316,0.5350111722946167,2.0366506576538086,0.5414032936096191,2.0
3.012669563293457,0.5478293299674988,3.086475372314453,0.6315184831619263,2.9978790283203125,0.6379551887512207,3.12515582958053
2.8813090324401855,0.4221445322036743,2.8513681888580322,0.42572021484375,2.828098773956299,0.5460062026977539,2.9960736544852753
2.932614326477051,0.5993364453315735,2.913572072982788,0.5420924425125122,2.904273509979248,0.5583093762397766,2.9410142437055695
2.865878105163574,0.5858393311500549,2.820596694946289,0.5757509469985962,2.8558976650238037,0.504148542881012,2.7596678446896306
2.735112190246582,0.3563541769981384,2.7012016773223877,0.4141749143600464,2.7313051223754883,0.391795814037323,2.716003343634799
2.75821590423584,0.6034481525421143,2.7951436042785645,0.62895667552948,2.7475790977478027,0.6194218397140503,2.6693168805661123
2.620851755142212,0.4124242067337036,2.6079540252685547,0.4072117209434509,2.6570568084716797,0.4017874002456665,2.606381365110605
2.4523837566375732,0.6501980423927307,2.4879443645477295,0.647043764591217,2.526648998260498,0.6486292481422424,2.424881636631067
2.546693801879883,0.41098636388778687,2.5777294635772705,0.45444896817207336,2.551525115966797,0.41412776708602905,2.4216039268698313
2.2361903190612793,0.5862948894500732,2.280911445617676,0.5572152733802795,2.236525535583496,0.476877897977829,2.2278867046136734
2.7417616844177246,0.3970904052257538,2.7717435359954834,0.41313135623931885,2.741464614868164,0.3982352316379547,2.792391689498254
2.7917351722717285,0.4713421165943146,2.7717435359954834,0.41313135623931885,2.719451904296875,0.5298808813095093,2.708420900134713
2.1430916786193848,0.4792393147945404,2.1031200885772705,0.4962959587574005,2.1041836738586426,0.5371607542037964,2.330413773349191
2.1982955932617188,0.4732834994792938,2.200535297393799,0.5363149046897888,2.1984729766845703,0.4595474302768707,2.1367205671564067
2.6409406661987305,0.4931955337524414,2.6217472553253174,0.4837051033973694,2.5951545238494873,0.4275863766670227,2.629409599102719
2.6120452880859375,0.4122157096862793,2.6184284687042236,0.44364091753959656,2.6403281688690186,0.4317744970321655,2.5877109650189114
2.1095781326293945,0.5312197208404541,2.0586729049682617,0.5083093643188477,2.178637742996216,0.5850836038589478,2.214843848047698
2.1424450874328613,0.4880867302417755,2.1320199966430664,0.5028541088104248,2.178637742996216,0.5850836038589478,2.075546961392531
2.4734935760498047,0.4671665132045746,2.4817051887512207,0.4865327477455139,2.4642586708068848,0.4669722616672516,2.499687082618404
2.4933907985687256,0.5502330660820007,2.4817051887512207,0.4865327477455139,2.508800983428955,0.5002764463424683,2.403120521175818
2.063642740249634,0.5694010853767395,2.069366455078125,0.5972492694854736,2.049091100692749,0.5277405977249146,2.1398790864012365
2.063642740249634,0.5694010853767395,2.03429913520813,0.5459452867507935,2.18068790435791,0.6205171942710876,1.99563519459755
2.363778591156006,0.5702700018882751,2.3374276161193848,0.5742734670639038,2.3381290435791016,0.5672914385795593,2.4456042032735974
2.363778591156006,0.5702700018882751,2.3721015453338623,0.6630674600601196,2.3814473152160645,0.5471330881118774,2.322219294733919
2.0221850872039795,0.5824020504951477,2.0326826572418213,0.6030312180519104,2.2002885341644287,0.6669253706932068,2.0569048513364727
2.0838520526885986,0.5875223278999329,2.053365707397461,0.6796867847442627,2.2002885341644287,0.6669253706932068,1.9444826721501687
1.2880439758300781,0.7042324542999268,1.4201815128326416,0.6416923999786377,1.5329387187957764,0.645728349685669,1.4578213636679103
1.5323859453201294,0.6140214204788208,1.781193494796753,0.6718020439147949,1.614746332168579,0.6354833245277405,1.0163917383715793
1.0210622549057007,0.753168523311615,1.3814661502838135,0.6051168441772461,0.9717717170715332,0.7824403047561646,1.4750170755177987
1.1898640394210815,0.6777171492576599,1.4480724334716797,0.7395081520080566,0.9023296236991882,0.7825526595115662,1.0621462303689089
1.4281361103057861,0.6172654628753662,1.3410968780517578,0.5613722801208496,1.3904974460601807,0.554641842842102,1.5152643446896048
1.2557523250579834,0.6185758113861084,1.1095263957977295,0.5627837181091309,1.1784816980361938,0.55738765001297,1.1127034773661755
1.379471778869629,0.5768597722053528,1.382622241973877,0.6184845566749573,1.3761197328567505,0.4600670635700226,1.5185139398778875
1.3480751514434814,0.5756788849830627,1.3642033338546753,0.39100703597068787,1.3498766422271729,0.4580135643482208,1.414973347970818
1.3569140434265137,0.46530577540397644,1.3459587097167969,0.47773513197898865,1.3550546169281006,0.4489765763282776,1.255272505103306
1.230169653892517,0.5876444578170776,1.2645608186721802,0.6227307915687561,1.2236905097961426,0.4344700574874878,1.0827413643651347
1.3542578220367432,0.5755496025085449,1.3611552715301514,0.47191891074180603,1.3747847080230713,0.377112478017807,1.5118833609788744
1.3640214204788208,0.4588262438774109,1.3373124599456787,0.4701538383960724,1.3468297719955444,0.5019387602806091,1.3979400086720377
1.3017261028289795,0.45350441336631775,1.298059105873108,0.3843313455581665,1.3226089477539062,0.5018807649612427,1.2304489213782739
1.2030184268951416,0.5760254263877869,1.282224416732788,0.6183481216430664,1.2018442153930664,0.4180901348590851,1.0335250388423651
1.2760041952133179,0.49871259927749634,1.2836520671844482,0.4280356764793396,1.2753939628601074,0.5196406841278076,1.4913616938342726
1.2683863639831543,0.5873129963874817,1.341239094734192,0.6279764771461487,1.2846623659133911,0.4840759038925171,1.380211241711606
1.2987306118011475,0.48678603768348694,1.2932268381118774,0.39283719658851624,1.3172099590301514,0.4284473657608032,1.2041199826559248
1.2040144205093384,0.5948644280433655,1.2785768508911133,0.6332435607910156,1.2059612274169922,0.436026006937027,0.9973113594439728
1.2373512983322144,0.8353522419929504,1.2655402421951294,0.831688404083252,1.223148226737976,0.8351975083351135,1.682235356902564
1.6431405544281006,0.9123874306678772,1.6306260824203491,0.8613153100013733,1.5367029905319214,0.9386272430419922,1.2571256853305026
1.9776891469955444,0.8574485182762146,1.9495573043823242,0.9058767557144165,2.06363844871521,0.8444960117340088,1.7769190028420465
1.9543250799179077,0.7855928540229797,1.9312989711761475,0.8020162582397461,1.9030132293701172,0.8315869569778442,2.0419450721452637
2.193404197692871,0.8209457993507385,2.134413480758667,0.8179647922515869,2.1427395343780518,0.8233203291893005,2.0493343359722838
2.2202506065368652,0.8692108392715454,2.163581609725952,0.8110491633415222,2.193096160888672,0.8468944430351257,2.5087451294695478
2.7531166076660156,0.8862639665603638,2.7762680053710938,0.9104786515235901,2.2547149658203125,0.9313637614250183,2.7127338590699517
2.2155392169952393,0.8865305781364441,2.075666904449463,0.8729050159454346,2.0778956413269043,0.8023167252540588,2.8519734280672506
2.311615467071533,0.7602492570877075,2.015660524368286,0.7559095621109009,2.4155476093292236,0.7616672515869141,2.0920887392558067
1.868120789527893,0.7316194772720337,1.8294545412063599,0.7349259853363037,1.7691723108291626,0.747529923915863,1.9095560292411753
1.680237889289856,0.743608832359314,1.694182276725769,0.7053393125534058,1.9774149656295776,0.786118745803833,1.6286953827140234
1.6064809560775757,0.7716236710548401,1.6284685134887695,0.8087697625160217,1.96492600440979,0.7883628010749817,1.4622482153549974
1.7422564029693604,1.0408376455307007,1.604601502418518,0.9042761325836182,1.728519320487976,1.0525277853012085,1.271841606536499
1.0890631675720215,0.8993922472000122,1.1295254230499268,1.0194828510284424,1.113912582397461,0.8858307600021362,1.0170333392987803
0.8212521076202393,1.1138712167739868,0.8664910197257996,1.0778900384902954,0.7530225515365601,1.1519883871078491,1.1549019512998535
2.118164300918579,0.7757740020751953,2.189655303955078,0.6653229594230652,2.1066317558288574,0.8020156621932983,2.0873909449971877
1.930564284324646,0.7896381616592407,1.9187889099121094,0.6908073425292969,1.89625883102417,0.7288724184036255,1.7982361763679358
1.693487286567688,0.9730494618415833,1.6469111442565918,0.6651732325553894,1.8847604990005493,0.9190941452980042,1.5521813388393357
2.24843168258667,0.9714417457580566,2.282294511795044,0.8226207494735718,2.054495334625244,0.9206053018569946,2.5644174867471095
2.0499684810638428,0.7113655209541321,2.034782648086548,0.6744033694267273,2.0992350578308105,0.7064343094825745,2.052886235256382
1.7954010963439941,0.7602242231369019,1.747107744216919,0.9379197955131531,1.8159629106521606,0.788015604019165,1.7283537820212285
2.410332679748535,0.7998431324958801,2.4096078872680664,0.7103938460350037,2.076906681060791,0.9211402535438538,2.8491490473770673
2.3909428119659424,0.6603782773017883,2.376455307006836,0.8357836008071899,2.5374958515167236,0.7395522594451904,2.189097109071418
2.093441963195801,0.9737797379493713,2.0147576332092285,0.9407557249069214,2.2959096431732178,0.7479466795921326,1.9376181793938234
1.4340920448303223,0.8642259240150452,1.4371896982192993,0.873572826385498,1.4479244947433472,0.853105366230011,1.8796692056320534
1.8529515266418457,0.8836647868156433,1.8356504440307617,0.8580400943756104,1.796980381011963,0.8857998251914978,1.4313637641589874
1.0781848430633545,0.6479551792144775,1.2985203266143799,0.6337845921516418,0.9306330680847168,0.6572046875953674,0.9030899869919435
1.2061954736709595,0.8191443681716919,1.2943018674850464,0.857038140296936,1.5464073419570923,0.8234139084815979,1.041392685158225
1.7072279453277588,1.0145026445388794,1.8836655616760254,0.8598905801773071,1.9235095977783203,0.8870001435279846,1.290034611362518
1.8633482456207275,0.8498700261116028,1.8895608186721802,0.9226489067077637,1.2656712532043457,0.9560121893882751,1.505149978319906
2.729365348815918,0.8317418098449707,2.6380462646484375,0.8205609917640686,1.7519338130950928,0.8890724778175354,1.380211241711606
1.3663017749786377,0.8116875886917114,1.5016669034957886,0.5865411758422852,1.3285666704177856,0.722099781036377,1.0
1.6764401197433472,1.0049537420272827,1.7572332620620728,0.9186779260635376,1.8597272634506226,0.9541928172111511,0.6989700043360189
1.4407609701156616,0.5248950123786926,1.3030200004577637,0.7324312329292297,1.4073853492736816,0.7130462527275085,1.3010299956639813
1.557024359703064,0.8941285610198975,1.5588091611862183,0.8631024956703186,1.8157591819763184,0.8774106502532959,2.8943160626844384
1.6355013847351074,0.9950218796730042,0.845108151435852,0.9171189069747925,0.7141667008399963,0.9736344814300537,1.8260748027008264
1.4755849838256836,0.790616512298584,1.4597246646881104,0.6145251989364624,1.5585237741470337,0.647392988204956,1.6989700043360187
1.5610144138336182,0.6358261108398438,1.5572441816329956,0.7277619242668152,1.6722872257232666,0.5539767146110535,1.9030899869919435
2.0930795669555664,0.7778245806694031,2.1504721641540527,0.8378690481185913,2.5372860431671143,0.9749351143836975,2.255272505103306
1.5566751956939697,0.9298149347305298,1.5226761102676392,0.9550831317901611,0.932912290096283,1.0014276504516602,2.1931245983544616
3.017496109008789,0.91273432970047,2.4172897338867188,0.9688819646835327,3.202902317047119,1.0116606950759888,2.0969100130080562
1.125495433807373,0.5943859219551086,1.4357478618621826,0.660399854183197,1.0779508352279663,0.6628519892692566,0.9084850188786497
0.450669527053833,0.806479811668396,0.8183292150497437,0.8014319539070129,0.8278174996376038,0.766389787197113,0.8920946026904804
2.3340349197387695,0.8745959997177124,1.8439768552780151,0.8550115823745728,1.6013867855072021,0.8248202204704285,0.8260748027008264
0.8917791843414307,0.8131019473075867,1.2050340175628662,0.8947548866271973,0.9919747114181519,0.7686169743537903,0.7745169657285496
0.7968334555625916,0.7461186051368713,1.1356436014175415,0.889884352684021,0.9576506614685059,0.760192334651947,0.800717078282385
0.8196747899055481,0.770916759967804,1.0638562440872192,0.8873223066329956,0.7961966395378113,0.7899397611618042,0.8234742291703011
0.8099261522293091,0.7738629579544067,0.8093875646591187,0.8867807388305664,0.8744269013404846,0.8251393437385559,0.7923916894982539
0.8252323269844055,0.7585568428039551,0.8248444199562073,0.8455857634544373,0.8980790376663208,0.8332652449607849,0.7795964912578245
0.3819683790206909,0.7425497770309448,0.3592662811279297,0.8362074494361877,0.41375601291656494,0.5543212890625,0.5440680443502757
0.12780988216400146,0.7039253115653992,0.07762885093688965,0.7301083207130432,0.07752954959869385,0.7511471509933472,0.07188200730612536
0.12774860858917236,0.7033536434173584,0.0788583755493164,0.7088632583618164,0.09272432327270508,0.6704931855201721,0.07918124604762482
0.3882392644882202,0.7401939630508423,0.369140625,0.8334910273551941,0.41887378692626953,0.6794934272766113,0.4899584794248346
0.4864330291748047,0.6808096170425415,0.3852893114089966,0.8291704058647156,0.50727379322052,0.7885047197341919,0.48855071650044424
0.10565292835235596,0.6366093158721924,0.09281373023986816,0.7943824529647827,0.09916579723358154,0.7753591537475586,0.11727129565576427
0.5108519792556763,0.7129383683204651,0.49891602993011475,0.7793486714363098,0.5105630159378052,0.7935709357261658,0.41995574848975786
0.1117088794708252,0.6981078386306763,0.16826283931732178,0.8035445213317871,0.1839447021484375,0.5302391648292542,0.06445798922691845
0.33477461338043213,0.8179426789283752,0.08554482460021973,0.8594980239868164,0.14069998264312744,0.845574676990509,0.2966651902615311
0.22693276405334473,0.8361148834228516,0.22465300559997559,0.8695904016494751,0.25007593631744385,0.8550994992256165,-0.022276394711152253
1.5647279024124146,0.911871075630188,1.5784602165222168,0.9402980208396912,1.3658275604248047,0.9018237590789795,0.9956351945975499
1.4846186637878418,0.8839682340621948,1.489424705505371,0.8766047954559326,1.494640588760376,0.9033929705619812,1.1205739312058498
1.0658915042877197,0.8473409414291382,0.9791879653930664,0.9188640713691711,0.7598048448562622,0.8833826184272766,0.7403626894942439
1.058207392692566,0.8494914770126343,1.000328540802002,0.9212742447853088,0.8761892318725586,1.0018742084503174,0.7558748556724915
1.0878649950027466,0.8495008945465088,1.07048499584198,0.860338032245636,0.9118285179138184,1.0252684354782104,0.7403626894942439
2.249819755554199,0.6973673701286316,2.280092716217041,0.5607381463050842,2.3063673973083496,0.429507851600647,2.4471580313422194
2.2306203842163086,0.693088948726654,2.2758641242980957,0.49722474813461304,2.269054412841797,0.7714006304740906,2.322219294733919
2.198284387588501,0.6914976239204407,2.1750290393829346,0.4165270924568176,2.1989212036132812,0.404995322227478,2.3010299956639813
2.1349003314971924,0.6952592134475708,2.1170201301574707,0.42805227637290955,2.1689772605895996,0.7735602259635925,2.278753600952829
2.3193607330322266,0.32812273502349854,2.2951643466949463,0.479912132024765,2.300971269607544,0.7633851170539856,2.3010299956639813
2.2832934856414795,0.3376678228378296,2.2795212268829346,0.3023204505443573,2.2643027305603027,0.6316956877708435,2.146128035678238
2.2260823249816895,0.33759805560112,2.2185778617858887,0.47111478447914124,2.210630416870117,0.45704787969589233,2.146128035678238
2.183227300643921,0.3463413119316101,2.17608904838562,0.48163512349128723,2.1448559761047363,0.7639623284339905,2.041392685158225
2.2051029205322266,0.6912329196929932,2.2663705348968506,0.3638741672039032,2.3365111351013184,0.42419901490211487,2.322219294733919
2.178330421447754,0.6866778135299683,2.2440860271453857,0.506171703338623,2.2839481830596924,0.40367934107780457,2.113943352306837
2.1482772827148438,0.6851369738578796,2.183480978012085,0.5053055882453918,2.1937155723571777,0.3294752538204193,2.1760912590556813
2.202192783355713,0.31790730357170105,2.1417624950408936,0.2937384247779846,2.1285715103149414,0.6322139501571655,2.0791812460476247
2.3032619953155518,0.7567147612571716,2.3079946041107178,0.5188230872154236,2.3081328868865967,0.7124800086021423,2.6232492903979003
2.4221763610839844,0.7544257640838623,2.323502540588379,0.4213535785675049,2.4008402824401855,0.6110087037086487,2.342422680822206
2.2910172939300537,0.4987848401069641,2.251711845397949,0.42076411843299866,2.318725824356079,0.5607643723487854,2.3010299956639813
2.302030086517334,0.7569694519042969,2.2495734691619873,0.5355477333068848,2.258945941925049,0.5694542527198792,2.1760912590556813
1.0890631675720215,0.8993922472000122,1.1295254230499268,1.0194828510284424,1.0130000114440918,1.0272802114486694,0.8860392755664424
1.09294855594635,1.0185884237289429,1.089569330215454,0.8603509068489075,1.0864371061325073,0.8710877299308777,1.5228744023138037
0.8741915822029114,0.7286966443061829,0.8923330307006836,0.7899984121322632,0.9099154472351074,0.7376153469085693,0.6989700043360189
0.871666669845581,0.7508265376091003,0.933379590511322,0.7851111888885498,0.7982624173164368,0.7273057103157043,0.8450980400142568
0.8798973560333252,0.7353082299232483,0.7892428636550903,0.7217707633972168,0.838249921798706,0.7262552380561829,1.0086001717619175
1.0716506242752075,0.7047766447067261,0.9360307455062866,0.7219578623771667,0.962604284286499,0.7251724004745483,1.2041199826559248
1.9511590003967285,0.7927161455154419,1.8387399911880493,0.7828156352043152,1.9715995788574219,0.7581374049186707,1.287801729930226
3.0022876262664795,0.874567985534668,3.0361413955688477,0.8705897927284241,3.314077854156494,0.8035372495651245,1.7403626894942439
0.6878122687339783,0.4540623426437378,0.7107847332954407,0.5056942701339722,0.7340044379234314,0.4526078701019287,0.8129133566428556
0.7624981999397278,0.4451903998851776,0.7900229692459106,0.47137153148651123,0.7403218746185303,0.44977858662605286,0.6989700043360189
0.737287700176239,0.454256534576416,0.792157769203186,0.4709075689315796,0.7308248281478882,0.4512220323085785,0.6989700043360189
0.6886566877365112,0.3854448199272156,0.6932551860809326,0.38483136892318726,0.7140842080116272,0.3740330636501312,0.8325089127062363
0.7196649312973022,0.3859459161758423,0.6926211714744568,0.38446730375289917,0.7583807706832886,0.3718394637107849,0.7403626894942439
0.7690421342849731,0.3539971113204956,0.6909089088439941,0.38366052508354187,0.7128344774246216,0.3728907108306885,0.7075701760979364
0.7394372820854187,0.34856507182121277,0.7776402235031128,0.37000975012779236,0.7332438230514526,0.37375375628471375,0.8195439355418687
0.7450417876243591,0.3317233622074127,0.7780856490135193,0.3698028028011322,0.7767989635467529,0.34137922525405884,0.724275869600789
0.7956497073173523,0.3204994797706604,0.7795560956001282,0.3694015145301819,0.7757282257080078,0.3406437337398529,0.568201724066995
0.7933930158615112,0.35687822103500366,0.8274139165878296,0.37916329503059387,0.7813147902488708,0.33932679891586304,0.8750612633917001
0.7876636981964111,0.35278451442718506,0.8234308958053589,0.33404818177223206,0.7948547005653381,0.4024765193462372,0.8129133566428556
0.7903090119361877,0.35631197690963745,0.8249582648277283,0.3335106074810028,0.7939576506614685,0.40200889110565186,0.7160033436347992
0.8578294515609741,0.4164256155490875,0.8626052141189575,0.39081016182899475,0.8542220592498779,0.39736300706863403,1.0606978403536118
0.87535160779953,0.4062405824661255,0.858562707901001,0.3742176592350006,0.9015783071517944,0.4120195508003235,0.8750612633917001
0.8730165362358093,0.40596187114715576,0.8559904098510742,0.373972624540329,0.8774930834770203,0.4089132845401764,0.7923916894982539
1.0326939821243286,0.4998452663421631,1.0182011127471924,0.5006737112998962,1.02113938331604,0.542695939540863,1.0718820073061255
1.0325486660003662,0.49971118569374084,0.9608024954795837,0.4944302439689636,1.020814299583435,0.5426216721534729,1.0606978403536118
1.0323147773742676,0.499479740858078,1.0185227394104004,0.5007056593894958,1.019876480102539,0.5424774885177612,0.7160033436347992
0.7733162641525269,0.2822898328304291,0.7201477289199829,0.26676636934280396,0.7125357389450073,0.3100806176662445,0.8388490907372553
0.7409941554069519,0.27149075269699097,0.784686803817749,0.2633264660835266,0.7526979446411133,0.25716879963874817,0.8260748027008264
0.7424101829528809,0.2705475687980652,0.7882457971572876,0.26204434037208557,0.7976641058921814,0.3107072114944458,0.5185139398778874
0.8369982242584229,0.4498070776462555,0.8475664854049683,0.483583003282547,0.8206942081451416,0.48941895365715027,0.8573324964312685
0.9097940921783447,0.509735107421875,0.8378735184669495,0.47663286328315735,0.850690484046936,0.4703419804573059,0.8325089127062363
0.9147379994392395,0.5091063976287842,0.840791642665863,0.47555309534072876,0.8707089424133301,0.4916002154350281,0.6989700043360189
0.809675931930542,0.34478166699409485,0.7856188416481018,0.4021594822406769,0.8377721905708313,0.36395707726478577,0.8633228601204559
0.854042649269104,0.4526193141937256,0.7766029834747314,0.3874935209751129,0.8251882791519165,0.416439414024353,0.8325089127062363
0.8043816089630127,0.4424073398113251,0.8273006081581116,0.4234345257282257,0.8490689992904663,0.3624594509601593,0.6989700043360189
0.7927913665771484,0.35112467408180237,0.760603129863739,0.35195428133010864,0.8428134918212891,0.30935701727867126,0.9138138523837167
0.8206221461296082,0.42046791315078735,0.7663841247558594,0.35311615467071533,0.8453652262687683,0.3089343011379242,0.7558748556724915
0.8236500024795532,0.4197031259536743,0.8178063631057739,0.3975912928581238,0.809720516204834,0.3652525246143341,0.6434526764861874
0.8024796843528748,0.42419710755348206,0.828299343585968,0.42031553387641907,0.7773300409317017,0.40246567130088806,0.8692317197309762
0.8172897696495056,0.37108635902404785,0.8299226760864258,0.41998863220214844,0.8708080649375916,0.3265891671180725,0.8450980400142568
0.8323489427566528,0.32791635394096375,0.8349146842956543,0.4191967248916626,0.8224546909332275,0.38534125685691833,0.7481880270062005
0.8708846569061279,0.3962291479110718,0.8365471363067627,0.4119991362094879,0.8080432415008545,0.4530054032802582,0.8808135922807914
0.8417040705680847,0.4687940776348114,0.8665359020233154,0.4737681746482849,0.9147146940231323,0.40490099787712097,0.8750612633917001
0.8719384670257568,0.4312329590320587,0.8715077042579651,0.4742143452167511,0.9205601215362549,0.4045795798301697,0.8061799739838872
0.8618836998939514,0.5170361399650574,0.9215994477272034,0.5439403653144836,0.858442485332489,0.5250369310379028,1.0791812460476249
0.9377626776695251,0.4859721064567566,0.9220356345176697,0.5462709665298462,0.9427424073219299,0.5191912651062012,0.8692317197309762
0.945685863494873,0.47005990147590637,0.9253525137901306,0.5437951683998108,0.962885856628418,0.5102042555809021,0.7481880270062005
1.160746455192566,0.8148066997528076,1.0534865856170654,0.772564172744751,1.046119213104248,0.7653647661209106,1.173186268412274
1.1613622903823853,0.8141090869903564,1.1986908912658691,0.786052405834198,1.1740261316299438,0.7700034379959106,0.9493900066449128
0.3409154415130615,0.6206907033920288,0.34041571617126465,0.5785293579101562,0.3086024522781372,0.5723724365234375,0.24551266781414982
0.1834394931793213,0.6121808886528015,0.622562050819397,0.6226030588150024,0.8329389095306396,0.6375295519828796,0.08990511143939793
0.34882473945617676,0.6255620718002319,0.7198185920715332,0.6350517272949219,0.9346117973327637,0.6483942866325378,0.021189299069938092
2.0592586994171143,0.7208857536315918,1.9930778741836548,0.6778267025947571,2.02030611038208,0.7468222975730896,2.2174839442139063
2.0767011642456055,0.6818994879722595,1.9861094951629639,0.6695877313613892,2.047490119934082,0.7430055737495422,2.1760912590556813
1.201560139656067,0.8437384963035583,1.2399522066116333,0.9298092126846313,1.2101783752441406,0.8320119976997375,2.1760912590556813
2.0594892501831055,0.680206835269928,2.0823826789855957,0.7250998616218567,2.069845676422119,0.6542870998382568,2.0791812460476247
1.6723661422729492,0.700569748878479,1.728144645690918,0.7315157651901245,1.6710834503173828,0.5494028925895691,1.6127838567197355
1.6668540239334106,0.7454521059989929,1.712533712387085,0.7544973492622375,1.7644855976104736,0.7764929533004761,1.6020599913279625
0.9849364161491394,0.707419753074646,1.0408399105072021,0.7098185420036316,0.9461439847946167,0.6411499977111816,1.6020599913279625
2.041736125946045,0.6817207932472229,1.9709495306015015,0.6662905812263489,2.0990090370178223,0.7415594458580017,2.060697840353612
1.8679689168930054,0.6349844932556152,1.7187703847885132,0.7298429012298584,1.7962584495544434,0.5248464941978455,2.255272505103306
2.018646240234375,0.6180075407028198,2.0954737663269043,0.650615394115448,1.9762983322143555,0.7344477772712708,1.7781512503836436
2.060154676437378,0.7060468196868896,2.0905964374542236,0.718727171421051,2.019770860671997,0.6409141421318054,1.9030899869919435
1.6006921529769897,0.7164563536643982,2.08107852935791,0.7123250365257263,1.4078352451324463,0.7426897883415222,2.3979400086720375
1.617472767829895,0.6499878168106079,1.6256141662597656,0.785291314125061,1.743431806564331,0.8152994513511658,2.8260748027008264
1.930081844329834,0.6446466445922852,1.974568247795105,0.6342875361442566,1.9928051233291626,0.6303238868713379,2.0
2.430814743041992,0.5461269617080688,2.2554774284362793,0.6022626161575317,2.4015958309173584,0.5495144724845886,2.5563025007672873
2.3920443058013916,0.4982615113258362,2.252169609069824,0.5722934007644653,2.3787238597869873,0.5783421993255615,2.4913616938342726
2.2673380374908447,0.5446726083755493,2.3263745307922363,0.44851282238960266,2.3086698055267334,0.5666915774345398,2.4471580313422194
2.2036921977996826,0.5630115866661072,2.2553775310516357,0.4751325249671936,2.2767608165740967,0.5811926126480103,2.342422680822206
2.2420146465301514,0.5473634600639343,2.238399028778076,0.5866631865501404,2.2012391090393066,0.5036817193031311,2.3010299956639813
2.1675214767456055,0.5576955080032349,2.238399028778076,0.5866631865501404,2.221403121948242,0.5763950943946838,2.3010299956639813
2.2420146465301514,0.5473634600639343,2.2019600868225098,0.5545498728752136,2.2372941970825195,0.5872778296470642,2.2865462835166968
2.0342352390289307,0.5068405866622925,2.0459036827087402,0.5697790384292603,2.031501054763794,0.5162902474403381,2.1825002473792
2.120849370956421,0.5176315307617188,2.099623203277588,0.5608286261558533,2.083098888397217,0.4948227107524872,2.041392685158225
2.4432742595672607,0.5386658310890198,2.3601677417755127,0.6000362038612366,2.3314437866210938,0.5890646576881409,2.041392685158225
2.212100028991699,0.547042965888977,2.224048614501953,0.5712386965751648,2.202430248260498,0.5865179300308228,1.9138138523837167
2.367640495300293,0.5189945697784424,2.409512519836426,0.49444279074668884,2.315824508666992,0.4956939220428467,2.4228359687795225
2.5698208808898926,0.7846155762672424,2.4561874866485596,0.7214593291282654,2.3663477897644043,0.7736355662345886,2.6354535864286435
1.8507624864578247,0.8626794219017029,1.88640296459198,0.8564127683639526,1.8285117149353027,0.8818963766098022,2.699681663884886
2.2609481811523438,1.0308716297149658,2.268784761428833,1.0296196937561035,2.1277191638946533,0.8972262144088745,2.831146414079443
0.6354095935821533,0.3433946669101715,0.6501774191856384,0.342578649520874,0.6646332740783691,0.37196871638298035,1.0791812460476249
0.712070107460022,0.2936643064022064,0.6516275405883789,0.3401196002960205,0.6648578643798828,0.36993408203125,0.6020599913279624
0.7026164531707764,0.29237598180770874,0.6541235446929932,0.33831334114074707,0.6903793215751648,0.33799946308135986,0.3010299956639812
0.6921394467353821,0.2936760187149048,0.6911606788635254,0.26845213770866394,0.6419196128845215,0.2722476124763489,0.6020599913279624
0.6922613382339478,0.3305627405643463,0.6673628091812134,0.3421958386898041,0.6948989033699036,0.44498857855796814,0.7634279935629373
0.6810964941978455,0.3008267879486084,0.623998761177063,0.32061389088630676,0.6730517148971558,0.36902037262916565,0.8260748027008264
0.6704838871955872,0.2717682421207428,0.6501904726028442,0.3426372706890106,0.6627936959266663,0.28005000948905945,0.8061799739838872
0.6406771540641785,0.27397653460502625,0.623998761177063,0.32061389088630676,0.6884363889694214,0.33963632583618164,0.7781512503836436
0.6380013823509216,0.3412702679634094,0.6519819498062134,0.31812506914138794,0.6658797264099121,0.27827200293540955,0.7781512503836436
0.6896513104438782,0.33284786343574524,0.6682707071304321,0.2857155203819275,0.694521427154541,0.34083786606788635,0.7781512503836436
0.6415610313415527,0.3394341766834259,0.6927846074104309,0.377159059047699,0.662521243095398,0.276461660861969,0.6989700043360189
0.6891406774520874,0.33121851086616516,0.6642791628837585,0.2833949327468872,0.6563814282417297,0.2754196226596832,0.6989700043360189
0.6898092031478882,0.3293343782424927,0.6346838474273682,0.31735971570014954,0.6887838840484619,0.33768388628959656,0.6812412373755872
0.703825831413269,0.33253100514411926,0.6902157068252563,0.2683085501194,0.6656999588012695,0.3682393729686737,0.3010299956639812
0.6890782117843628,0.3299570083618164,0.6927846074104309,0.377159059047699,0.680802583694458,0.4454013705253601,0.3010299956639812
2.919100284576416,0.9210248589515686,2.7860054969787598,1.0849875211715698,2.8008625507354736,0.9570877552032471,3.1958074358152864
2.5633811950683594,0.9093318581581116,2.5080931186676025,0.9348167181015015,2.7230894565582275,0.8079994916915894,3.1958074358152864
1.9147676229476929,0.9703840613365173,2.0051841735839844,0.8771961331367493,2.10595703125,0.712429404258728,2.334740887721888
2.021742820739746,0.9837843775749207,2.028099536895752,0.6140393614768982,1.9774004220962524,0.585451066493988,1.9062951290625774
2.0410261154174805,0.986443281173706,1.9665404558181763,0.5861999988555908,1.9082212448120117,0.6886637806892395,1.9062951290625774
2.038220167160034,0.9860468506813049,2.004586696624756,0.5692631602287292,2.0244510173797607,0.6836891174316406,1.834228891383931
1.9928737878799438,0.6041571497917175,1.8578919172286987,0.8634814023971558,1.7441890239715576,0.7090177536010742,1.754670152523498
2.452971935272217,0.875441312789917,2.519045352935791,0.6363443732261658,2.9576873779296875,0.7858697772026062,2.967079734144497
2.7624592781066895,0.8959774374961853,2.864332437515259,0.8004499673843384,2.774489402770996,0.9182502627372742,2.949877704036875
2.8923134803771973,0.8491668105125427,2.6459450721740723,0.83083176612854,2.5792298316955566,0.9445717334747314,2.661812685537261
2.9165170192718506,0.7572948336601257,2.8516907691955566,0.9832489490509033,2.893120050430298,0.9288675785064697,2.298853076409707
1.9888660907745361,1.0385007858276367,2.162860631942749,0.9322561621665955,2.0318920612335205,0.7857942581176758,1.8916346250702947
0.6887403726577759,0.5341546535491943,0.692416787147522,0.4679368734359741,0.7162863612174988,0.554656445980072,0.9030899869919435
0.7534598112106323,0.4243564307689667,0.8119420409202576,0.5328485369682312,0.8143579363822937,0.4918407201766968,0.6989700043360189
0.8082643151283264,0.393928587436676,0.7404319643974304,0.39983826875686646,0.7590269446372986,0.4003014862537384,0.6989700043360189
0.7093977928161621,0.2920933961868286,0.7095280885696411,0.3114767074584961,0.7066932916641235,0.3171486556529999,0.9030899869919435
1.0823876857757568,0.7212814092636108,1.181868553161621,0.7939616441726685,1.0807088613510132,0.7530218362808228,1.1139433523068367
1.6082061529159546,1.0276157855987549,1.685256004333496,0.9484269022941589,1.8319213390350342,0.9260833859443665,1.3979400086720377
1.096721887588501,0.8240036964416504,1.0590845346450806,0.7769474983215332,1.0311167240142822,0.7868069410324097,0.49968708261840383
1.122056007385254,0.8173017501831055,0.7094385027885437,0.7849709987640381,0.6734760999679565,0.7832029461860657,1.0314488618593833
1.1157246828079224,0.7168161273002625,1.196572184562683,0.7545322179794312,1.6538363695144653,0.7582722902297974,1.2242481009625932
2.362942695617676,0.8020106554031372,2.319004535675049,0.7789391279220581,2.2264232635498047,0.7821856141090393,1.6989700043360187
1.6184617280960083,0.7677197456359863,1.6440248489379883,0.7410820126533508,2.0693392753601074,0.706831157207489,1.623817637311556
2.271847724914551,0.7891874313354492,2.2785959243774414,0.7527248859405518,2.2239153385162354,0.898184597492218,2.758172248053806
2.36552095413208,0.7337323427200317,2.4158666133880615,0.7303798794746399,2.3678500652313232,0.8084339499473572,2.70895422526236
2.4663617610931396,0.8738465905189514,2.643428325653076,0.8566194772720337,2.211125612258911,0.8868452906608582,2.6989700043360187
1.9606029987335205,0.7685098052024841,1.985239028930664,0.7516965270042419,2.002005100250244,0.7679992318153381,2.3717120565379637
3.30708909034729,0.815460741519928,3.5259060859680176,0.8305280208587646,3.337552070617676,0.6700900793075562,3.295541529929717
3.2187411785125732,0.8831192851066589,3.5108799934387207,0.8619248270988464,3.385042667388916,0.7563018798828125,2.9542425094393248
3.4552536010742188,0.7975384593009949,3.6028449535369873,0.8635779619216919,3.4563450813293457,0.8086692094802856,2.9342635071094874
3.107501983642578,0.8249000906944275,3.1697282791137695,0.7959507703781128,3.1511712074279785,0.7738868594169617,2.7503469106520897
0.6580700874328613,0.7929683327674866,0.6383174657821655,0.8440834879875183,0.9848546385765076,0.8038997054100037,0.47712125471966244
0.5106196403503418,1.0653493404388428,0.6729101538658142,0.8421650528907776,0.6160649061203003,0.8304633498191833,0.6020599913279624
0.5293511152267456,1.0634349584579468,0.7450373768806458,0.833223819732666,0.5858705043792725,0.8511683344841003,0.7781512503836436
0.5793383121490479,1.0598397254943848,0.9098895788192749,0.8983004093170166,0.7474414706230164,0.8534590601921082,1.0
0.8889714479446411,1.0617468357086182,1.6573606729507446,0.9036914706230164,1.6071107387542725,0.8515945076942444,1.9912260756924949
2.8088765144348145,0.8443993926048279,3.009690284729004,0.859424889087677,2.9955039024353027,0.8636316657066345,2.6225816587732296
1.4906551837921143,0.8626760840415955,1.5812773704528809,0.7911595702171326,1.7273763418197632,0.8333338499069214,1.9822712330395684
1.9914000034332275,0.9071135520935059,1.8309826850891113,0.9471235275268555,1.8607444763183594,0.8897005915641785,0.7558748556724915
0.7554776668548584,0.9905261397361755,1.2213857173919678,1.0159879922866821,0.7443581223487854,0.8479191660881042,-0.2006594505464183
0.7863437533378601,0.8591219186782837,1.2213616371154785,1.0159876346588135,0.9203821420669556,0.9662601351737976,-0.6841261751528591
0.7902791500091553,0.8591189384460449,0.31283414363861084,0.8238958120346069,0.29309213161468506,0.8567692041397095,1.1916186633694683
0.1468263864517212,0.8769792914390564,1.221353530883789,1.0159869194030762,0.15909183025360107,0.874141275882721,1.7007902213743469
0.7374539971351624,0.6438120603561401,0.6385716795921326,0.7071378827095032,0.6450276374816895,0.7485702633857727,0.43136376415898736
0.6207892894744873,0.6739670038223267,0.6990308165550232,0.6752014756202698,0.6436197757720947,0.6164119839668274,0.5976951859255123
0.806269109249115,0.6498790979385376,0.8253448009490967,0.6531177163124084,0.7515337467193604,0.7303839325904846,0.8000293592441343
0.9008815288543701,0.687777042388916,0.9203155636787415,0.6909914612770081,0.9476652145385742,0.7154505848884583,1.3384564936046048
2.3624308109283447,0.7495093941688538,2.1621944904327393,0.738039493560791,2.0489959716796875,0.7473496794700623,1.1958996524092338
1.5193208456039429,1.0950465202331543,1.9633091688156128,1.0989807844161987,1.7343705892562866,1.1084675788879395,1.0791812460476249
1.0417017936706543,0.7628622651100159,1.0863618850708008,0.8119795918464661,1.0439428091049194,0.7753510475158691,1.0433428227646813
0.6373337507247925,0.8038797974586487,0.5738399028778076,0.7949318289756775,0.6822152733802795,0.8002040982246399,1.0911966803912403
0.9208565354347229,0.763750433921814,0.9822696447372437,0.8089815974235535,0.903167188167572,0.781341016292572,0.9137089734924423
0.7584771513938904,0.800261914730072,0.7730954885482788,0.8084490895271301,0.7699877619743347,0.799077570438385,0.4742451189255232
0.8084135055541992,0.7739272713661194,0.9095247983932495,0.8494123816490173,0.7785350680351257,0.7841458320617676,0.7515534544607227
0.5637881755828857,0.7714216113090515,0.5231963396072388,0.785658597946167,0.6270231008529663,0.8019688725471497,0.30317466626995204
0.6956642866134644,0.749988317489624,0.7830381989479065,0.8661017417907715,0.8348676562309265,0.8157986998558044,0.692907962872534
0.3542674779891968,0.8106544613838196,0.4019056558609009,0.8844138383865356,0.46988236904144287,0.8220255970954895,0.22098782005028048
0.8429447412490845,0.9078466892242432,1.0138492584228516,0.8999070525169373,1.121806025505066,0.863772451877594,0.7083283371027844
0.85306316614151,0.8665892481803894,0.4798234701156616,0.9598640203475952,1.074659824371338,0.8752557039260864,0.5650524972024342
3.109037399291992,0.8674899935722351,2.865802764892578,0.85433030128479,2.819378137588501,0.7751190662384033,2.482873583608754
0.7355687618255615,0.4391717314720154,0.6679059863090515,0.4551991820335388,0.6609570384025574,0.43839770555496216,0.9084850188786497
0.7036123275756836,0.4916975200176239,0.6653884649276733,0.4637051522731781,0.6891787648200989,0.45474180579185486,0.8325089127062363
0.7486928701400757,0.47277021408081055,0.6816398501396179,0.46539512276649475,0.7200040817260742,0.4281068742275238,0.7403626894942439
0.743309497833252,0.500555694103241,0.8110491633415222,0.42024773359298706,1.0590529441833496,0.5050570368766785,0.3222192947339193
0.8343883156776428,0.4804513454437256,0.780490517616272,0.43479111790657043,0.797279953956604,0.4209250211715698,0.9777236052888477
0.8077322840690613,0.4475073218345642,0.842899739742279,0.3817787766456604,1.0660954713821411,0.5032938718795776,0.9444826721501687
0.8666500449180603,0.453721821308136,0.7796928286552429,0.4346699118614197,0.7700030207633972,0.36761680245399475,0.7993405494535817
0.8161957263946533,0.46798425912857056,0.8174618482589722,0.4773043394088745,1.1102242469787598,0.5028388500213623,0.5797835966168101
1.037811279296875,0.4451447129249573,0.9963893294334412,0.45691734552383423,0.9307593703269958,0.35600319504737854,1.2174839442139063
0.997533917427063,0.45182764530181885,1.0523406267166138,0.38753578066825867,1.0029078722000122,0.40748292207717896,1.1139433523068367
0.9886306524276733,0.4204752445220947,1.028051495552063,0.40944546461105347,0.9232009053230286,0.3542465567588806,1.0
1.0655204057693481,0.4325522184371948,1.0431087017059326,0.3543812036514282,1.1865540742874146,0.49922671914100647,0.6020599913279624
1.3444586992263794,0.42554375529289246,1.4057815074920654,0.44266146421432495,1.3512678146362305,0.43259963393211365,1.6972293427597176
1.425883412361145,0.44063323736190796,1.3749659061431885,0.41871505975723267,1.3186835050582886,0.49519801139831543,1.4756711883244296
1.466361165046692,0.4250796139240265,1.4036884307861328,0.44256868958473206,1.436517357826233,0.4088248014450073,1.4668676203541096
1.471537709236145,0.44716188311576843,1.520875096321106,0.4114967882633209,1.4724881649017334,0.40118855237960815,1.1613680022349748
1.9880285263061523,0.6501325964927673,2.0170860290527344,0.6383042931556702,1.992717981338501,0.6281789541244507,2.7514330818193473
2.3222508430480957,0.5997216105461121,2.014744281768799,0.5743024349212646,1.8577250242233276,0.49380162358283997,2.71121652432109
2.2006828784942627,0.4807233214378357,2.0005908012390137,0.6404863595962524,1.985427737236023,0.6306301355361938,1.888179493918325
2.3170628547668457,0.5998786091804504,2.3902995586395264,0.5894196629524231,1.8476463556289673,0.4936753511428833,1.2695129442179163
3.5055713653564453,0.7013982534408569,3.392900228500366,0.7098555564880371,3.391199827194214,0.7690203785896301,3.4648867983522846
3.0475716590881348,0.6841638088226318,2.9903974533081055,0.567164957523346,3.18257474899292,0.6491260528564453,3.129593598631454
3.218656063079834,0.5414014458656311,3.0909485816955566,0.5300437211990356,3.0788722038269043,0.48269104957580566,3.043881485530335
3.3554909229278564,0.6874783635139465,3.3467864990234375,0.6929285526275635,3.3408761024475098,0.7660106420516968,3.252908802698647
3.081780433654785,0.5747202038764954,3.058528423309326,0.5410386323928833,2.9910449981689453,0.42175617814064026,3.0110889721802105
3.0986108779907227,0.6183217167854309,3.130530834197998,0.721088171005249,3.1744284629821777,0.6589530110359192,2.9756166540720357
3.1617870330810547,0.7970471382141113,3.20060396194458,0.853894829750061,3.188570499420166,0.6606307029724121,3.1727505157617624
3.049375534057617,0.7695058584213257,2.9599180221557617,0.740475058555603,3.022739887237549,0.7593006491661072,3.0110889721802105
3.115649938583374,0.644877016544342,2.964648723602295,0.637854278087616,3.0427184104919434,0.576195240020752,2.9369872517800037
1.9792171716690063,0.8389804363250732,1.9453749656677246,0.8749650120735168,2.1383790969848633,1.0043150186538696,2.9836262871245345
1.1401762962341309,0.6470603346824646,1.0927460193634033,0.700394332408905,1.2984178066253662,0.5936982035636902,1.041392685158225
0.7318801283836365,0.64007568359375,0.7592344284057617,0.6628684997558594,0.7293316721916199,0.7305541634559631,0.6020599913279624
1.176061749458313,0.7216326594352722,1.1932039260864258,0.7323387861251831,1.3541452884674072,0.590625524520874,1.2304489213782739
0.885097861289978,0.599428653717041,0.7770721316337585,0.5943679213523865,0.7584125995635986,0.603550374507904,0.8450980400142568
1.4736526012420654,0.6345487236976624,1.442674160003662,0.6196609735488892,1.472039818763733,0.6442236304283142,1.4771212547196624
1.1534366607666016,0.571955680847168,1.1532126665115356,0.5643612146377563,1.1770730018615723,0.5695590972900391,1.0791812460476249
1.3210883140563965,0.6740483045578003,1.314232587814331,0.5642715096473694,1.345881462097168,0.660395085811615,1.3979400086720377
0.9632663130760193,0.5311970710754395,0.9874722957611084,0.5017724633216858,1.045964241027832,0.5677967071533203,0.9542425094393249
1.2488205432891846,0.6854547262191772,1.2996907234191895,0.7032308578491211,1.2893891334533691,0.6692526340484619,1.146128035678238
0.8944252133369446,0.5969128608703613,0.9154576659202576,0.6447073221206665,0.8811504244804382,0.6314946413040161,0.7781512503836436
1.6283661127090454,0.6288242936134338,1.6449846029281616,0.5833324790000916,1.6375435590744019,0.6421498656272888,1.6989700043360187
1.410749912261963,0.5316414833068848,1.4348989725112915,0.5022014379501343,1.4067821502685547,0.6579918265342712,1.4913616938342726
1.515771508216858,0.5133635401725769,1.5123838186264038,0.5770018100738525,1.4847265481948853,0.5817894339561462,1.5797835966168101
1.2703144550323486,0.5563940405845642,1.275481104850769,0.5974432826042175,1.2304050922393799,0.6577956676483154,1.3010299956639813
1.4581959247589111,0.6200178861618042,1.4409425258636475,0.6266761422157288,1.4452537298202515,0.635983943939209,1.3222192947339193
1.1069493293762207,0.5843204259872437,1.1315131187438965,0.6200160384178162,1.0801098346710205,0.6737996935844421,1.0791812460476249
1.801600694656372,0.6159301996231079,1.8455182313919067,0.6727883815765381,1.8796483278274536,0.644899845123291,1.8864907251724818
1.801550030708313,0.6160706877708435,1.8039168119430542,0.5982232093811035,1.629062294960022,0.5728293061256409,1.7160033436347992
1.6829440593719482,0.6144921183586121,1.8188260793685913,0.6056627035140991,1.725062608718872,0.5905468463897705,1.7403626894942439
1.5890790224075317,0.6137415170669556,1.5790247917175293,0.6415154933929443,1.5926623344421387,0.5645827054977417,1.5563025007672873
1.630048394203186,0.6061016917228699,1.704502820968628,0.6468735933303833,1.6097112894058228,0.6280112266540527,1.5563025007672873
1.4181092977523804,0.6389381289482117,1.4277287721633911,0.6432223916053772,1.4114148616790771,0.7014477849006653,1.3010299956639813
1.992873191833496,0.7944995164871216,2.0416176319122314,0.8561030030250549,1.953987717628479,0.8127005100250244,2.103803720955957
2.9271087646484375,0.8537278771400452,2.6805505752563477,0.7961162328720093,2.8511228561401367,0.8150970935821533,2.999130541287371
2.9542040824890137,0.9468655586242676,3.0558018684387207,0.9107750058174133,3.182717800140381,0.9059930443763733,2.0569048513364727
2.761962413787842,0.8369734287261963,2.8451321125030518,0.907279908657074,2.799907684326172,0.8595844507217407,1.4471580313422192
1.9160475730895996,0.8098681569099426,1.725575566291809,0.7758058309555054,1.778626799583435,0.7715001702308655,1.6989700043360187
1.6953330039978027,0.7827056050300598,1.5651748180389404,0.7415428757667542,1.556441307067871,0.7524445652961731,1.4771212547196624
1.1302876472473145,0.7209122776985168,1.4455251693725586,0.7309570908546448,1.4227887392044067,0.7555541396141052,1.146128035678238
1.9575518369674683,0.7583587169647217,1.925956130027771,0.8076061606407166,1.8500797748565674,0.7544561624526978,1.9344984512435677
1.7718278169631958,0.7655801773071289,1.6700994968414307,0.7631171345710754,1.6875349283218384,0.7000744342803955,1.662757831681574
1.3326367139816284,0.719616711139679,1.5508978366851807,0.7087892293930054,1.442111849784851,0.7529790997505188,1.255272505103306
2.0761983394622803,0.7611004710197449,2.05527925491333,0.7529543042182922,2.0855515003204346,0.7737526297569275,2.322219294733919
1.9541711807250977,0.7061808705329895,1.7770062685012817,0.7018661499023438,1.924433946609497,0.7369177937507629,1.8864907251724818
1.2788677215576172,0.7202295660972595,1.3270485401153564,0.7534443736076355,1.2862542867660522,0.7333996295928955,1.7708520116421442
1.9196271896362305,0.8055869936943054,2.0299952030181885,0.7979723811149597,2.1187148094177246,0.7922425866127014,2.164352855784437
1.9790565967559814,0.7824230790138245,1.9470585584640503,0.7848870158195496,2.009226083755493,0.7649278044700623,1.7708520116421442
1.6612838506698608,0.7966017723083496,1.812700867652893,0.7883628606796265,1.7566561698913574,0.7710180282592773,1.505149978319906
1.1209158897399902,0.32231801748275757,1.0862576961517334,0.33530235290527344,1.2880303859710693,0.46668779850006104,0.6961949619737903
1.1548278331756592,0.2783489525318146,1.084477424621582,0.23698116838932037,1.3269071578979492,0.42163944244384766,0.8305933515989188
1.0932049751281738,0.2501365840435028,1.0479516983032227,0.24460533261299133,1.0435261726379395,0.24559447169303894,0.797579815793672
1.1548278331756592,0.2783489525318146,1.084477424621582,0.23698116838932037,1.0435261726379395,0.24559447169303894,0.797579815793672
1.1271309852600098,0.2976206839084625,1.1561578512191772,0.29031598567962646,1.1001965999603271,0.2870899736881256,0.7436195787442547
1.1600468158721924,0.31844988465309143,1.1275140047073364,0.33077678084373474,1.0094938278198242,0.32284843921661377,0.9887917815307437
1.050339937210083,0.23124369978904724,1.118983268737793,0.24560290575027466,1.049736738204956,0.2332300841808319,1.0801263997448851
1.0695441961288452,0.22343787550926208,1.118983268737793,0.24560290575027466,1.3305909633636475,0.4211367964744568,1.0508370135649823
1.0965542793273926,0.23773609101772308,1.0720598697662354,0.3193659782409668,1.3305909633636475,0.4211367964744568,1.0458367464142944
1.1298078298568726,0.29971548914909363,1.146845817565918,0.2901206910610199,1.3661911487579346,0.464596688747406,1.0215842860140794
1.062097430229187,0.3091360628604889,1.0769484043121338,0.3217278718948364,1.076514482498169,0.3053534924983978,1.0941349531626912
1.1093251705169678,0.2265404909849167,1.1783486604690552,0.2252659797668457,1.3353254795074463,0.42052170634269714,1.239856395556882
1.187183141708374,0.23958005011081696,1.1761083602905273,0.2388598620891571,1.1140005588531494,0.2276342213153839,1.2302819158169285
1.139121651649475,0.2157362550497055,1.1589945554733276,0.22581131756305695,1.1125991344451904,0.22734084725379944,1.1555354937858646
1.2694220542907715,0.3376995921134949,1.1894335746765137,0.29014915227890015,1.3708975315093994,0.46406257152557373,1.1263196365340924
1.139007568359375,0.30628499388694763,1.1602028608322144,0.3041810393333435,1.3019311428070068,0.4650672972202301,1.2354641059591605
1.1887526512145996,0.22286154329776764,1.1379414796829224,0.31602296233177185,1.2178528308868408,0.22831620275974274,1.430205792067269
1.1887526512145996,0.22286154329776764,1.2499510049819946,0.21971586346626282,1.2178528308868408,0.22831620275974274,1.3804753391098448
1.2324495315551758,0.21095463633537292,1.2149430513381958,0.22624816000461578,1.2178528308868408,0.22831620275974274,1.3764099587970406
1.252500295639038,0.29168879985809326,1.1414403915405273,0.38743406534194946,1.2333892583847046,0.28465330600738525,1.3604028425674604
1.2624410390853882,0.30452507734298706,1.2635915279388428,0.31755906343460083,1.2414109706878662,0.32078948616981506,1.3746432963453468
1.3007502555847168,0.22291935980319977,1.1905531883239746,0.3152257204055786,1.3243359327316284,0.22591236233711243,1.5817214203849028
1.3637899160385132,0.21534429490566254,1.1905531883239746,0.3152257204055786,1.3157635927200317,0.22306698560714722,1.5279582682846446
1.3637899160385132,0.21534429490566254,1.1905531883239746,0.3152257204055786,1.3385848999023438,0.2143336832523346,1.5007691607550182
1.3515273332595825,0.2895870506763458,1.1922824382781982,0.38683345913887024,1.3858911991119385,0.4625617265701294,1.4743461977881533
1.8147177696228027,0.38332822918891907,1.3957356214523315,0.39632728695869446,1.687187910079956,0.3805767595767975,1.6911547233885742
1.6160814762115479,0.2819053828716278,1.7760510444641113,0.27943748235702515,1.7808607816696167,0.28963369131088257,1.8487323228597905
1.7461934089660645,0.276202917098999,1.3978800773620605,0.32843393087387085,1.7793065309524536,0.31096330285072327,1.8273016807154139
1.8581863641738892,0.323872834444046,1.3978800773620605,0.32843393087387085,1.7793065309524536,0.31096330285072327,1.7492904790287955
1.7829632759094238,0.31828877329826355,1.39279305934906,0.39712268114089966,1.805139183998108,0.33844438195228577,1.7697723174478275
2.0622339248657227,0.8377191424369812,2.049053430557251,0.7136156558990479,2.0622339248657227,0.8411616683006287,1.792391689498254
2.06744384765625,0.9722589254379272,2.1281394958496094,0.9853127002716064,2.0994815826416016,0.8707351684570312,2.0253058652647704
2.1977431774139404,0.8392072916030884,2.2357089519500732,0.9844311475753784,2.2042453289031982,0.8634195327758789,2.3636119798921444
2.201115846633911,0.9729014039039612,2.4734139442443848,0.8596442937850952,2.5157761573791504,0.8382526636123657,2.673941998634088
2.3998501300811768,0.9817361831665039,2.957442283630371,0.8676953315734863,2.794783115386963,0.8502837419509888,3.042181594515766
3.2413294315338135,0.8019322752952576,3.3179216384887695,0.7510374784469604,3.34494948387146,0.6676607728004456,3.7399935484064395
3.2257139682769775,0.797382652759552,3.4345791339874268,0.7979025840759277,3.121757745742798,0.9671789407730103,3.3508274639865863
3.3935012817382812,0.7741441130638123,3.277790069580078,0.7146716713905334,3.1120781898498535,0.9670318961143494,3.4067788693285026
3.5417025089263916,0.7597312927246094,3.572019100189209,0.7564133405685425,3.4927029609680176,0.9783588647842407,4.024936968037443
3.5918521881103516,0.6289740800857544,3.618680000305176,0.8680233955383301,3.5814149379730225,0.7921099662780762,3.867231714518894
3.513723373413086,0.7684012651443481,3.5890302658081055,0.7871359586715698,3.6344451904296875,0.7796325087547302,3.1225435240687545
3.384028434753418,0.8300938606262207,3.254587173461914,0.8610630035400391,3.4006032943725586,0.7756143808364868,3.031408464251624
3.0331363677978516,0.7057323455810547,3.044339179992676,0.8617162704467773,2.9208011627197266,0.607768177986145,2.9662514169781424
3.2091164588928223,0.8383793830871582,3.0896995067596436,0.7854528427124023,3.0801777839660645,0.9668443202972412,2.8943160626844384
3.03399395942688,0.8558586239814758,2.8103907108306885,0.5782908201217651,2.8577725887298584,0.7877097129821777,2.6989700043360187
2.106377601623535,0.8200377821922302,2.3982725143432617,0.6194054484367371,2.094909906387329,0.7576295733451843,2.924858731585223
2.792062997817993,0.8125393390655518,2.777193307876587,0.8122571706771851,2.793515682220459,0.8112939596176147,2.8750612633917
2.8004860877990723,0.838691771030426,2.800715923309326,0.895971953868866,2.7964839935302734,0.8360610604286194,2.832508912706236
2.7873353958129883,0.9711206555366516,2.7689952850341797,0.8115570545196533,2.785095691680908,0.8358326554298401,2.806179973983887
2.770482063293457,0.8120543360710144,2.7770581245422363,0.8465666770935059,2.7565200328826904,0.8060919642448425,2.7781512503836434
2.791079044342041,0.8495147824287415,2.7849607467651367,0.8963117003440857,2.8013529777526855,0.8328377604484558,2.7075701760979363
1.5742367506027222,0.517604410648346,1.2808693647384644,0.571190595626831,1.734683632850647,0.4416024088859558,1.5116507707600613
1.5763646364212036,0.5782936215400696,1.6299954652786255,0.5101368427276611,1.5747004747390747,0.5385387539863586,1.5116507707600613
2.0641188621520996,0.4886067509651184,1.9766560792922974,0.4436420202255249,1.9137040376663208,0.40598830580711365,1.988772021023035
2.3264923095703125,0.38699838519096375,2.3484485149383545,0.3672027885913849,2.3315672874450684,0.4001710116863251,2.423245873936808
2.2490944862365723,0.3995823562145233,2.232012987136841,0.33164694905281067,2.098301649093628,0.3230842053890228,2.0211892990699383
2.13885498046875,0.43236207962036133,2.3096160888671875,0.41648486256599426,2.1827685832977295,0.475996196269989,1.863322860120456
1.8948663473129272,0.4518273174762726,2.320223331451416,0.5166410803794861,2.0998291969299316,0.5632666349411011,1.7634279935629373
2.824563503265381,0.7998239398002625,2.8288018703460693,0.7112009525299072,3.0459914207458496,0.4938620328903198,2.7904043667870764
3.7010650634765625,0.5496864318847656,3.7038488388061523,0.5291718244552612,3.77767276763916,0.5626376867294312,4.108835527934605
3.501650810241699,0.5290666222572327,3.5493531227111816,0.5870355367660522,3.508824348449707,0.534784734249115,3.777499319590365
3.043802261352539,0.5740010738372803,3.107421875,0.43239936232566833,3.1225783824920654,0.5802608728408813,3.2035767749779724
3.1328585147857666,0.5343528985977173,3.229766845703125,0.5831410884857178,3.224815607070923,0.4869478642940521,3.1319392952104246
2.91078519821167,0.3773781955242157,2.886585235595703,0.493949294090271,2.915679454803467,0.45712950825691223,2.888179493918325
2.9329147338867188,0.46760454773902893,2.9066028594970703,0.5875115990638733,2.9846577644348145,0.4617908000946045,2.7867514221455614
2.635707378387451,0.5644680261611938,2.642909526824951,0.48576030135154724,2.660597801208496,0.4602507948875427,2.7323937598229686
2.4332704544067383,0.40837526321411133,2.4487743377685547,0.3883017599582672,2.4350552558898926,0.465437114238739,2.4082399653118496
2.1089298725128174,0.5256856083869934,2.1206889152526855,0.5197504758834839,2.217905282974243,0.5160467624664307,2.037426497940624
1.560181975364685,0.46136927604675293,1.538481593132019,0.5003936886787415,1.5586926937103271,0.45380839705467224,1.3617278360175928
3.4646291732788086,0.5147458910942078,3.5013952255249023,0.4956946074962616,3.575930595397949,0.457910418510437,3.839729375206388
3.17533540725708,0.5021860599517822,3.281977653503418,0.4771135151386261,3.302863597869873,0.45098769664764404,3.4085791254086675
2.8882668018341064,0.4626030921936035,2.8612446784973145,0.32342836260795593,2.885190010070801,0.4274275600910187,2.9960736544852753
2.964723587036133,0.5197091698646545,2.8987808227539062,0.47736260294914246,2.999356746673584,0.40705057978630066,2.9122220565324155
2.662609577178955,0.3159293532371521,2.6530537605285645,0.39591723680496216,2.6691579818725586,0.5175176858901978,2.693726948923647
2.4135382175445557,0.3087879717350006,2.41861629486084,0.38947540521621704,2.4042584896087646,0.29775622487068176,2.510545010206612
2.616244316101074,0.42193254828453064,2.608837842941284,0.47470590472221375,2.6317906379699707,0.44222795963287354,2.3944516808262164
2.2392067909240723,0.5470941066741943,2.186171531677246,0.3956059217453003,2.216442584991455,0.4162634313106537,2.1367205671564067
1.817521095275879,0.5325073003768921,1.8380299806594849,0.5276545286178589,1.9101521968841553,0.47968634963035583,1.8260748027008264
1.1988779306411743,0.4513130486011505,1.2323851585388184,0.4700738191604614,1.2036049365997314,0.4969148635864258,1.2304489213782739
3.365940570831299,0.5192287564277649,3.3718905448913574,0.5311999917030334,3.308936595916748,0.45957374572753906,3.350441856535061
3.02311635017395,0.4122968912124634,3.0085551738739014,0.4733996093273163,3.045398235321045,0.5078974962234497,3.081707270097349
2.6870956420898438,0.3668953478336334,2.69399356842041,0.42957037687301636,2.7176928520202637,0.5379181504249573,2.667452952889954
2.71481990814209,0.5224770307540894,2.7398204803466797,0.5173269510269165,2.7105603218078613,0.5037670135498047,2.582063362911709
2.4540786743164062,0.3473486602306366,2.4471192359924316,0.40523022413253784,2.4520068168640137,0.41726601123809814,2.3961993470957363
2.1935312747955322,0.2967083156108856,2.221874475479126,0.3089798092842102,2.206332206726074,0.41206836700439453,2.2576785748691846
2.3860561847686768,0.4176662266254425,2.4192588329315186,0.5216659903526306,2.383755922317505,0.4121762216091156,2.0863598306747484
2.0564165115356445,0.5526333451271057,1.990803837776184,0.32030439376831055,1.998883843421936,0.40601158142089844,1.7853298350107671
1.6045304536819458,0.5321146845817566,1.5632812976837158,0.5740581154823303,1.606087327003479,0.5458840131759644,1.568201724066995
1.1818606853485107,0.5982482433319092,1.0160841941833496,0.4676218330860138,1.0531015396118164,0.501564085483551,1.0
3.1222753524780273,0.545261561870575,3.042229652404785,0.5954118371009827,3.1322824954986572,0.5500457882881165,3.087781417809542
2.6952080726623535,0.5254562497138977,2.726382255554199,0.4649902880191803,2.7377333641052246,0.4451845586299896,2.920123326290724
2.4464943408966064,0.5034627914428711,2.416200876235962,0.45655274391174316,2.415210723876953,0.4930535554885864,2.59659709562646
2.4417812824249268,0.4642890691757202,2.509157657623291,0.5540341138839722,2.4416072368621826,0.48125219345092773,2.4149733479708178
2.299041986465454,0.5801659226417542,2.191357135772705,0.4408484697341919,2.2635836601257324,0.548880398273468,2.1702617153949575
2.0966482162475586,0.5789929032325745,1.978910207748413,0.4061034321784973,1.9597244262695312,0.4788067638874054,2.103803720955957
2.1710739135742188,0.5692120790481567,2.1748769283294678,0.5100212693214417,2.1717140674591064,0.5394124984741211,1.968482948553935
1.8075642585754395,0.3984262943267822,1.8434054851531982,0.3761734068393707,1.7905113697052002,0.4611204266548157,1.6532125137753437
1.3694723844528198,0.5130703449249268,1.3790576457977295,0.6120252013206482,1.3910236358642578,0.5270547270774841,1.462397997898956
1.088249921798706,0.624828040599823,0.9865360260009766,0.47320401668548584,0.91428142786026,0.5385823845863342,0.7781512503836436
1.0750484466552734,0.8977330923080444,1.0461688041687012,0.9049344062805176,1.0486526489257812,0.8834042549133301,1.581255415287389
1.3694758415222168,1.0054473876953125,1.284146785736084,0.8960862755775452,1.048707127571106,0.8834023475646973,1.2699610169756437
1.1809093952178955,0.8679776191711426,1.1776459217071533,0.8666349053382874,1.0551810264587402,0.8831697702407837,1.4913894877917173
1.212423324584961,0.904836893081665,1.1817034482955933,0.9282821416854858,1.1208425760269165,0.8989234566688538,1.393855202222663
1.1287016868591309,0.8755759596824646,1.1323031187057495,0.9007819890975952,1.1489123106002808,0.8910402059555054,1.099032375194915
1.0250762701034546,0.8632919788360596,1.1105114221572876,0.8958373069763184,1.0559208393096924,0.9038444757461548,1.390725836207472
1.0848727226257324,0.9054229259490967,1.050990343093872,0.8725025653839111,1.0420557260513306,0.8831565976142883,1.495121534136168
1.3067221641540527,0.8615099787712097,1.331890344619751,0.8740562200546265,1.3208794593811035,0.8678802847862244,1.089690488695378
1.0891023874282837,0.8579285144805908,1.0760514736175537,0.9024282693862915,1.0743283033370972,0.8824100494384766,1.3354238378279515
1.0879919528961182,0.9151129722595215,1.0461688041687012,0.9049344062805176,1.0486526489257812,0.8834042549133301,1.4061824640303864
1.146154522895813,0.9132932424545288,1.1253598928451538,0.8955953121185303,1.102583646774292,0.8960163593292236,1.2761504482119963
1.1557166576385498,1.0217902660369873,1.069006085395813,0.8732594847679138,1.2120271921157837,0.9819843173027039,1.5296042170262314
1.0803718566894531,0.8777914047241211,1.1932785511016846,1.0281647443771362,1.1803797483444214,0.9900736212730408,1.099032375194915
1.0800166130065918,0.8778015971183777,1.0461688041687012,0.9049344062805176,1.0486526489257812,0.8834042549133301,1.3077525168162103
1.0843582153320312,0.897382378578186,1.1706898212432861,1.0279945135116577,1.0486526489257812,0.8834042549133301,1.5000381282628856
1.1068813800811768,0.9145407676696777,1.0529414415359497,0.9047555923461914,1.0486526489257812,0.8834042549133301,1.3969747683263671
1.2130255699157715,0.8774510622024536,1.5533802509307861,1.0277618169784546,1.300912857055664,0.8955199718475342,1.108178315998013
1.0555006265640259,0.8623523712158203,1.1870590448379517,0.8928523659706116,1.1048119068145752,0.8817962408065796,1.3000582611786848
1.221178412437439,1.0186057090759277,1.1091527938842773,0.9012451767921448,1.0590232610702515,0.8829206228256226,1.4269310390823817
1.0231777429580688,0.8633370399475098,1.0664775371551514,0.8733959197998047,1.0411341190338135,0.9042448401451111,1.5133003878884927
1.0231777429580688,0.8633370399475098,1.0664775371551514,0.8733959197998047,1.0031630992889404,1.042723298072815,1.1457121858072492
1.0231777429580688,0.8633370399475098,1.4901759624481201,0.8624829053878784,1.0411341190338135,0.9042448401451111,1.4000623708588962
1.0231777429580688,0.8633370399475098,1.3774489164352417,0.9217763543128967,1.0411341190338135,0.9042448401451111,1.523849749001494
1.0750484466552734,0.8977330923080444,1.0664775371551514,0.8733959197998047,1.0486526489257812,0.8834042549133301,1.195329107238088
1.0879919528961182,0.9151129722595215,1.0461688041687012,0.9049344062805176,1.0411341190338135,0.9042448401451111,1.3096532653171913
1.0400605201721191,1.031781554222107,1.0788671970367432,0.8968854546546936,1.0440633296966553,0.8838729858398438,1.4467482518508625
1.0400605201721191,1.031781554222107,1.0518622398376465,0.937230110168457,1.073874831199646,1.039947509765625,1.3077525168162103
1.0231890678405762,0.8633370399475098,1.0665215253829956,0.8733959197998047,1.0419559478759766,0.904245138168335,1.5296042170262314
1.0800172090530396,0.8778015971183777,1.0791136026382446,0.896885335445404,1.0486526489257812,0.8834042549133301,1.2376140539756968
1.0800166130065918,0.8778015971183777,1.078200101852417,1.0338134765625,1.002594232559204,1.0427613258361816,1.3354238378279515
1.5127671957015991,0.8847101330757141,1.4989473819732666,0.8726193904876709,1.49668550491333,0.8843534588813782,1.4709548261420542
1.4306468963623047,0.898213803768158,1.4422873258590698,1.002711534500122,1.4367969036102295,0.8706925511360168,1.5330138210920605
1.0231777429580688,0.8633370399475098,1.0788671970367432,0.8968854546546936,1.005239725112915,1.0425996780395508,1.3425138928250662
1.0400605201721191,1.031781554222107,1.0518622398376465,0.937230110168457,1.0440633296966553,0.8838729858398438,1.545307549522784
1.0231777429580688,0.8633370399475098,1.0788671970367432,0.8968854546546936,1.0440633296966553,0.8838729858398438,1.371416950140233
1.0400605201721191,1.031781554222107,1.0518622398376465,0.937230110168457,1.0486526489257812,0.8834042549133301,1.4522375911389147
1.0800166130065918,0.8778015971183777,1.0788671970367432,0.8968854546546936,1.0634655952453613,0.8970807194709778,1.5024760231599108
1.0653769969940186,1.007706642150879,1.3997559547424316,1.012951135635376,1.1686408519744873,0.860138475894928,1.0
1.0779786109924316,1.0184898376464844,1.0963022708892822,0.9217316508293152,1.0919945240020752,0.885581374168396,0.6989700043360189
0.904629111289978,0.7654511332511902,0.8619789481163025,0.7711272239685059,0.8731482028961182,0.8204823136329651,0.04139268515822507
0.869340717792511,0.86896812915802,0.7310148477554321,0.845947802066803,1.3168586492538452,0.9408645629882812,0.40732137779296895
0.9014590382575989,0.9015004634857178,0.9239065051078796,0.8439779877662659,1.3564914464950562,0.940554678440094,1.384439870103492
1.4340161085128784,0.7477278709411621,1.3332042694091797,0.8240627646446228,1.3033568859100342,0.8200676441192627,1.8077360152522643
2.0505895614624023,0.8690695762634277,2.063791275024414,0.875350832939148,1.5685302019119263,0.9394548535346985,2.1137185266842535
3.05944561958313,0.8787814974784851,3.2106707096099854,0.8958213925361633,2.4443812370300293,0.8390779495239258,2.7596678446896306
1.3500385284423828,0.8839958310127258,1.574735164642334,0.8757952451705933,1.4173802137374878,0.8762208819389343,1.385767379476026
1.1354358196258545,0.845678448677063,1.1340763568878174,0.8982272744178772,1.2240124940872192,0.8605396151542664,1.384512889046886
1.2536370754241943,0.8302401900291443,1.1732038259506226,0.8349505066871643,1.1760663986206055,0.7690350413322449,1.3819833068550689
1.3839819431304932,0.8671455979347229,1.5450960397720337,0.8748423457145691,1.5319886207580566,0.9475163817405701,1.3730337907725567
1.385291337966919,0.6028158664703369,1.3276818990707397,0.6234373450279236,1.362023115158081,0.5148382782936096,1.3486638158303363
1.3886656761169434,0.714321494102478,1.3711296319961548,0.6215124130249023,1.3092575073242188,0.6527614593505859,1.3477536605167075
1.3139948844909668,0.5049862265586853,1.3103103637695312,0.478103905916214,1.3024098873138428,0.5833579897880554,1.3470288325967898
1.3231639862060547,0.4767455756664276,1.2881290912628174,0.5194360017776489,1.2979657649993896,0.5426725745201111,1.3200182230881328
1.2331538200378418,0.7025912404060364,1.2443900108337402,0.4936385154724121,1.237313985824585,0.5496175289154053,1.3129975081623855
1.2080343961715698,0.7136856317520142,1.2040672302246094,0.5084079504013062,1.228346824645996,0.4833807647228241,1.2818056561389528
1.2331538200378418,0.7025912404060364,1.284986972808838,0.652683675289154,1.237313985824585,0.5496175289154053,1.2702441378916305
1.2795724868774414,0.733444094657898,1.2208969593048096,0.5568667054176331,1.2217366695404053,0.5775535106658936,1.1935283323418668
1.2041033506393433,0.715848982334137,1.1988873481750488,0.5142580270767212,1.2014539241790771,0.578002393245697,1.1793126048380502
1.2828495502471924,0.7287597060203552,1.267653465270996,0.6704549789428711,1.2409095764160156,0.45143938064575195,1.144220463816844
0.860432505607605,0.549135684967041,0.8181803226470947,0.5238752961158752,0.58409583568573,0.627310574054718,0.8260740248592667
2.043597936630249,0.9626173377037048,1.5218360424041748,1.0455031394958496,1.8737292289733887,1.0407472848892212,2.220108088040055
1.9511301517486572,0.7478770613670349,1.9950088262557983,0.7035567164421082,1.9695823192596436,0.7035653591156006,1.978733823568585
1.9162802696228027,0.7373822927474976,1.9481868743896484,0.828518271446228,1.9278955459594727,0.7604796886444092,1.9692307711828732
1.90784752368927,0.6872715950012207,1.8966255187988281,0.6962565779685974,1.9202606678009033,0.7488512396812439,1.892307694340667
1.9918850660324097,0.7422484755516052,1.9743784666061401,0.8307974934577942,1.9775210618972778,0.7112693786621094,1.7999999969162366
3.730340003967285,0.63364177942276,3.8008174896240234,0.6120250821113586,3.8205766677856445,0.5496014356613159,3.721428571424871
3.7441372871398926,0.5659101605415344,3.7493855953216553,0.5949287414550781,3.704495906829834,0.5902352929115295,3.721428571424871
3.690760374069214,0.5722500681877136,3.7021968364715576,0.5997508764266968,3.6885337829589844,0.48902204632759094,3.721428571424871
3.6365435123443604,0.5987491607666016,3.5640430450439453,0.619221031665802,3.593449592590332,0.6159999370574951,3.721428571424871
1.7549948692321777,0.770121693611145,1.7289774417877197,0.7749655842781067,1.7622864246368408,0.7848153114318848,1.9525304268328585
1.8736968040466309,0.685250997543335,1.797753095626831,0.7693728804588318,1.7530007362365723,0.7726609706878662,1.933040803122635
1.875897765159607,0.7299070954322815,1.8522672653198242,0.7297767400741577,1.788407564163208,0.7550067901611328,1.925768861048547
1.9053224325180054,0.7481539845466614,1.8803820610046387,0.7027900218963623,1.9091248512268066,0.5830029249191284,1.9183287120637145
1.923520565032959,0.7889074683189392,1.9342095851898193,0.769692063331604,1.8954541683197021,0.80467689037323,1.9126800886174558
1.918895959854126,0.8120766282081604,1.8708131313323975,0.7982489466667175,1.8627231121063232,0.7966987490653992,1.9126800886174558
1.8284684419631958,0.8433530926704407,1.909205675125122,0.8459300994873047,1.8886432647705078,0.8501975536346436,1.905039998332904
1.7195777893066406,0.8607161641120911,1.942790150642395,0.872572124004364,1.9102866649627686,0.8625262975692749,1.9145667004028522
1.7428834438323975,0.9001613259315491,1.7563183307647705,0.9230262041091919,1.606526255607605,0.8812462687492371,1.8991816034116005
1.7623094320297241,0.8315443396568298,1.8105595111846924,0.9251567125320435,1.7645039558410645,0.8723475933074951,1.8667166352160611
1.8470871448516846,0.9865127205848694,1.693941354751587,0.8406836986541748,1.729572057723999,0.8793820738792419,1.8560488837367255
2.149428367614746,0.7973642945289612,2.1804966926574707,0.7800495624542236,2.0980966091156006,0.7722432613372803,2.2133020250809263
2.1611056327819824,0.7102914452552795,2.151352882385254,0.6938865780830383,2.0928187370300293,0.7705939412117004,2.204119982655925
2.1288700103759766,0.7971735000610352,2.10540771484375,0.7310879230499268,2.1137259006500244,0.6959824562072754,2.1818435879447726
2.0747907161712646,0.7778151035308838,2.0714282989501953,0.8084408044815063,2.12357234954834,0.71119624376297,2.12057393120585
2.036059617996216,0.7154244780540466,2.160919189453125,0.7849448919296265,2.0345866680145264,0.6632157564163208,1.9590413923210936
2.0467395782470703,0.8053762912750244,2.148409605026245,0.7897244095802307,2.0649666786193848,0.7251778244972229,1.8512583487190752
1.0470479726791382,0.9479413628578186,1.0121333599090576,0.8380257487297058,0.9889813661575317,0.8485355973243713,0.9586073104988301
0.9679911732673645,0.8626119494438171,0.9738261699676514,0.961583137512207,0.9741154909133911,0.8491740822792053,0.9586073104988301
0.6998865604400635,0.7302421927452087,0.6552817821502686,0.6927458047866821,0.6987572908401489,0.7005545496940613,0.9138138523837167
0.7831142544746399,0.745671808719635,0.6462241411209106,0.6901676654815674,0.6948838233947754,0.6970494389533997,0.7781512503836436
0.6551903486251831,0.7144180536270142,0.6441607475280762,0.6991280317306519,0.623069167137146,0.6714922785758972,0.7075701760979364
0.7381502985954285,0.7475684881210327,0.6888940334320068,0.7369864583015442,0.6508444547653198,0.6633452773094177,0.6989700043360189
0.683073103427887,0.7245507836341858,0.7276410460472107,0.7327246069908142,0.7446293234825134,0.6103762984275818,0.6532125137753437
0.7514498829841614,0.7455129623413086,0.7365508079528809,0.6567866802215576,0.7007383704185486,0.6955996751785278,0.5440680443502757
1.277227759361267,0.7662467956542969,1.271949052810669,0.881930947303772,1.263657808303833,0.8249834179878235,1.2148438480476977
1.2930020093917847,0.9129210114479065,1.2810816764831543,0.8792844414710999,1.2274610996246338,0.8380627036094666,1.3443922736851108
1.3023345470428467,0.8308087587356567,1.3288699388504028,0.7972444891929626,1.2274610996246338,0.8380627036094666,1.271841606536499
1.414376974105835,0.7832520604133606,1.4036771059036255,0.8643710613250732,1.3896431922912598,0.8135066032409668,1.4608978427565478
1.4469845294952393,0.8326218724250793,1.4359263181686401,0.8421847820281982,1.4381133317947388,0.9587515592575073,1.4390167283875128
1.3950526714324951,0.9501389861106873,1.388144850730896,0.8551055192947388,1.3853693008422852,0.8475041389465332,1.4058583993176366
1.1619772911071777,0.8478164672851562,1.148829698562622,0.8568370342254639,1.1171369552612305,1.0227535963058472,1.36078268987328
1.3513010740280151,0.8331981301307678,1.2831628322601318,0.8813161253929138,1.2298047542572021,0.841983437538147,1.4653828514484184
1.0929584503173828,1.0185871124267578,1.0724951028823853,0.8818731904029846,1.0766866207122803,0.862385094165802,1.173186268412274
1.0343674421310425,0.8825824856758118,1.0884275436401367,0.8820945024490356,1.0856956243515015,0.8689653277397156,0.9395192526186185
1.0840749740600586,0.784147322177887,1.125175952911377,0.788053572177887,1.201861023902893,0.7672951817512512,1.2923106206353376
1.0092077255249023,0.8631097674369812,1.000300645828247,0.8812436461448669,1.017930030822754,0.8651182055473328,1.3047197644091688
1.1917768716812134,0.9111902713775635,1.1657721996307373,0.9031725525856018,1.126960039138794,0.8831244111061096,1.3342689557297742
1.2506000995635986,0.6250168085098267,1.2690589427947998,0.49332624673843384,1.2602274417877197,0.5303287506103516,1.1802061003605138
1.228703498840332,0.42965155839920044,1.26357901096344,0.8044659495353699,1.2394959926605225,0.7061331272125244,1.2621079564995132
1.2646160125732422,0.42817649245262146,1.3026695251464844,0.7992433309555054,1.28528892993927,0.6984434723854065,1.380211241711606
1.2754552364349365,0.5885417461395264,1.267721176147461,0.5435482859611511,1.2986750602722168,0.47060418128967285,1.3617278360175928
1.2822999954223633,0.6982961893081665,1.2960106134414673,0.514897882938385,1.3244116306304932,0.673173725605011,1.3424226808222062
1.278303861618042,0.6923379302024841,1.2841280698776245,0.5509246587753296,1.2785576581954956,0.5101128220558167,1.3309901094818017
1.2924515008926392,0.530999481678009,1.3128058910369873,0.649993360042572,1.321813941001892,0.669294536113739,1.245460549349151
1.2754552364349365,0.5885417461395264,1.3046461343765259,0.7953687906265259,1.3073053359985352,0.6568354964256287,1.1760912590556813
1.301323652267456,0.6997361779212952,1.308544635772705,0.5631095170974731,1.3415257930755615,0.6637365221977234,1.3309901094818017
1.310284972190857,0.715328574180603,1.3571441173553467,0.6761277914047241,1.3338510990142822,0.7104436755180359,1.313265453369894
1.4701361656188965,1.0081623792648315,1.0841856002807617,0.8871519565582275,1.1120834350585938,0.8621715903282166,1.6718243418666583
1.1906898021697998,0.8650868535041809,1.0835940837860107,0.8871603012084961,1.202541708946228,0.8705571293830872,1.6468341996082319
1.2786346673965454,1.0150766372680664,1.0841152667999268,0.8871607780456543,1.0864124298095703,0.8710877895355225,1.6307099121056705
1.578708529472351,0.6260343194007874,1.571641206741333,0.6214455366134644,1.575348973274231,0.8042140007019043,1.5929661999426337
1.747563362121582,0.8762400150299072,1.7494450807571411,0.8449476957321167,1.7621287107467651,0.747329831123352,1.7622552466494428
1.7302113771438599,0.5724523663520813,1.7310634851455688,0.7991760969161987,1.7333656549453735,0.7199709415435791,1.7277173545725861
1.59507155418396,0.8389014005661011,1.545547604560852,0.7954478859901428,1.6184381246566772,0.8908493518829346,1.7247116825191253
1.6518946886062622,0.4699067175388336,1.6519455909729004,0.7915675044059753,1.656542420387268,0.6598305702209473,1.6491320075074318
1.6331703662872314,0.5722267031669617,1.6167618036270142,0.5960066318511963,1.6339759826660156,0.5795199871063232,1.6232406044214023
1.6331703662872314,0.5722267031669617,1.6252542734146118,0.5911557078361511,1.6320743560791016,0.700376570224762,1.6229306392040854
1.6697841882705688,0.8026793003082275,1.6517138481140137,0.8454704284667969,1.6563236713409424,0.7972906827926636,1.6479333047241782
1.67647385597229,0.8065226674079895,1.6598037481307983,0.8499642014503479,1.6528785228729248,0.7234552502632141,1.6801239359925626
1.6557642221450806,0.89289391040802,1.6571056842803955,0.6589372158050537,1.6378133296966553,0.7494977712631226,1.6657875928773154
1.214800238609314,0.8337193131446838,1.5233231782913208,0.8774484992027283,1.6049901247024536,0.6987586617469788,1.620313850188516
1.0978937149047852,0.8496018052101135,1.1092780828475952,0.9219431281089783,1.077721357345581,0.8872667551040649,1.571395514484615
1.3317316770553589,0.7874026894569397,1.3034034967422485,0.767085611820221,1.2406203746795654,0.7686821818351746,0.9684829485539351
2.3119301795959473,0.49709418416023254,2.2502968311309814,0.5315114259719849,2.27231764793396,0.4641324579715729,2.7158002125209113
2.473658323287964,0.4530833661556244,2.4169082641601562,0.433693528175354,2.5196785926818848,0.41809841990470886,2.597415086445643
2.768131732940674,0.4703887701034546,2.5203161239624023,0.49492043256759644,2.5623321533203125,0.5272350907325745,2.3254133417105067
2.8300929069519043,0.5165503025054932,2.57796311378479,0.6017109751701355,2.6249349117279053,0.5007781386375427,2.2151978629265603
1.4470279216766357,0.8738618493080139,1.4339960813522339,0.8331546783447266,1.5317679643630981,0.9394659996032715,1.5563025007672873
1.1743364334106445,0.846643328666687,1.117452621459961,0.8619781732559204,1.131209135055542,0.8421611785888672,1.041392685158225
1.483565330505371,0.8688379526138306,1.5944907665252686,0.851154088973999,1.5928539037704468,0.8450367450714111,1.5797835966168101
1.1591795682907104,0.8398427963256836,1.087342619895935,0.8688347339630127,1.0820629596710205,0.8514053225517273,1.1139433523068367
1.3942097425460815,0.8669753074645996,1.4197725057601929,0.8690146803855896,1.4372245073318481,0.7689099907875061,1.6334684555795866
1.5316053628921509,0.8618452548980713,1.4939584732055664,0.892962634563446,1.5132877826690674,0.8688997626304626,1.5563025007672873
1.538748025894165,0.7722097635269165,1.52202570438385,0.9450956583023071,1.5265846252441406,0.8373192548751831,1.5440680319418618
1.5052883625030518,0.8553124666213989,1.3838114738464355,0.9047030210494995,1.4606214761734009,0.8742794394493103,1.4913616938342726
1.4429349899291992,0.9962518811225891,1.4279794692993164,0.8375762104988098,1.4356836080551147,0.840782880783081,1.4471580313422192
1.4233523607254028,0.8369504809379578,1.4427131414413452,0.8179361820220947,1.3461055755615234,0.8098716735839844,1.3979400086720377
1.2419946193695068,0.8505720496177673,1.2016984224319458,0.9187325239181519,1.2212995290756226,0.8648959994316101,1.3979400086720377
1.3222705125808716,0.8612817525863647,1.321115255355835,0.8688377737998962,1.3226401805877686,0.8203193545341492,1.3424226808222062
0.9969879984855652,0.8664721250534058,1.1581616401672363,0.9235053658485413,0.9630928635597229,0.7564818263053894,1.3010299956639813
1.384217619895935,0.8489563465118408,1.413130521774292,0.8505520820617676,1.3498560190200806,0.7878625392913818,1.2041199826559248
1.2510161399841309,0.8612687587738037,1.2652021646499634,0.8359348177909851,1.2999494075775146,0.8372424840927124,1.1760912590556813
1.099780797958374,0.9518769383430481,1.1306788921356201,0.7579836845397949,1.081277847290039,0.8178440928459167,1.1760912590556813
1.1523852348327637,0.8706355094909668,1.1023433208465576,0.860377848148346,1.1645612716674805,0.8350178003311157,1.146128035678238
1.1246097087860107,0.7397087216377258,1.1552536487579346,0.7464806437492371,1.0677285194396973,0.8183516263961792,1.1139433523068367
0.9327620267868042,1.0118463039398193,1.042280673980713,0.8811173439025879,1.0756173133850098,0.8702906370162964,1.0969100130080565
1.0142138004302979,0.8786823153495789,1.0176732540130615,0.8489313125610352,1.0157861709594727,0.8782249093055725,1.0791812460476249
1.1249489784240723,0.7820108532905579,1.1166578531265259,0.8127659559249878,1.0970267057418823,0.7510256171226501,1.041392685158225
1.0880560874938965,0.9626311659812927,1.130746841430664,0.7682992815971375,1.092616081237793,0.7482267022132874,1.0
1.0424174070358276,0.8762542605400085,1.0277290344238281,0.8726129531860352,1.055556058883667,0.9780426025390625,0.9030899869919435
0.7604460716247559,0.6859754920005798,0.5478212833404541,0.7812907099723816,0.7145914435386658,0.684659481048584,0.8586693906442104
1.1532673835754395,0.864698052406311,1.1345638036727905,0.8595655560493469,1.1219725608825684,0.8704631924629211,1.6989700043360187
1.1963273286819458,0.8847233653068542,1.2073019742965698,0.8857206702232361,1.0924851894378662,0.8703296184539795,1.255272505103306
1.0872629880905151,0.8859530091285706,1.1436208486557007,0.8596270680427551,1.2759199142456055,1.020190954208374,1.7558748556724915
1.0829601287841797,0.8860347867012024,1.251863718032837,0.9206811785697937,1.1808587312698364,0.8706498146057129,1.3979400086720377
1.6855859756469727,0.6416811943054199,1.6934410333633423,0.6556431651115417,1.6496824026107788,0.7055567502975464,1.7993405494535817
1.7196663618087769,0.4756869375705719,1.7150548696517944,0.4315647780895233,1.6956920623779297,0.5604386925697327,1.792391689498254
1.6509277820587158,0.6783581376075745,1.6356174945831299,0.45096442103385925,1.607473611831665,0.7232429385185242,1.792391689498254
1.7032126188278198,0.31687018275260925,1.6733702421188354,0.37652429938316345,1.6496824026107788,0.7055567502975464,1.7634279935629373
1.699843168258667,0.33951547741889954,1.69456148147583,0.4891267418861389,1.6614689826965332,0.7029373645782471,1.7075701760979363
1.7032126188278198,0.31687018275260925,1.7284247875213623,0.4740312993526459,1.7094931602478027,0.3645479083061218,1.6989700043360187
1.6214330196380615,0.4169096350669861,1.6503069400787354,0.5313917398452759,1.6525425910949707,0.6434110403060913,1.6812412373755872
1.7274506092071533,0.3263852596282959,1.7284247875213623,0.4740312993526459,1.728184461593628,0.625759482383728,1.6334684555795866
1.6140615940093994,0.7183894515037537,1.6279574632644653,0.5622097253799438,1.6238470077514648,0.6274529099464417,1.5865828716950925
1.7274506092071533,0.3263852596282959,1.7284247875213623,0.4740312993526459,1.728184461593628,0.625759482383728,1.5797835966168101
1.7196663618087769,0.4756869375705719,1.7150548696517944,0.4315647780895233,1.7322542667388916,0.47273513674736023,1.4913616938342726
1.789609432220459,0.468819797039032,1.772527813911438,0.6573212146759033,1.7959847450256348,0.6130973696708679,1.845098040014257
1.8470196723937988,0.370395302772522,1.8220692873001099,0.4154268503189087,1.8434216976165771,0.41689956188201904,1.8573324964312685
1.8784266710281372,0.6933946013450623,1.8669342994689941,0.7401739358901978,1.8798115253448486,0.5659642815589905,1.8750612633917
1.8511508703231812,0.5714554786682129,1.8646647930145264,0.6075232028961182,1.8637473583221436,0.7447471618652344,1.8808135922807914
0.8800796866416931,0.5826423764228821,0.8756254315376282,0.7161417603492737,0.8257349133491516,0.7122250199317932,1.1139433523068367
0.9087325930595398,0.7738478779792786,0.922147810459137,0.7261181473731995,0.8257349133491516,0.7122250199317932,1.0
0.9215309619903564,0.7365522384643555,0.8932493329048157,0.6138108372688293,0.9123793840408325,0.6876169443130493,0.9542425094393249
0.9215309619903564,0.7365522384643555,0.8756254315376282,0.7161417603492737,0.8257349133491516,0.7122250199317932,0.9030899869919435
0.9064550995826721,0.7738890051841736,0.871830940246582,0.716001033782959,0.9147310853004456,0.6317877769470215,0.8129133566428556
0.9358453750610352,0.6795253753662109,0.9187161326408386,0.7262001037597656,1.058031678199768,0.5010290741920471,0.7563221771162021
3.402992010116577,0.671204149723053,3.3181824684143066,0.6669747233390808,3.3581104278564453,0.6064090728759766,3.350441856535061
3.1708128452301025,0.6476455330848694,3.1606907844543457,0.5859886407852173,3.208594799041748,0.58013916015625,3.1122697684172707
1.589703917503357,0.42859360575675964,1.6338374614715576,0.6025874614715576,1.6271711587905884,0.6243299245834351,2.0
1.6271543502807617,0.4331262409687042,1.6727116107940674,0.4830981492996216,1.6632145643234253,0.511607825756073,1.8920946026904804
1.6164637804031372,0.3388260006904602,1.6338374614715576,0.6025874614715576,1.7316908836364746,0.43041348457336426,1.7160033436347992
1.753973364830017,0.5003525018692017,1.6742504835128784,0.41589102149009705,1.6271711587905884,0.6243299245834351,1.5563025007672873
1.753973364830017,0.5003525018692017,1.6338374614715576,0.6025874614715576,1.7316908836364746,0.43041348457336426,1.255272505103306
1.6271543502807617,0.4331262409687042,1.6338374614715576,0.6025874614715576,1.6271711587905884,0.6243299245834351,1.1139433523068367
4.135936737060547,0.5809059739112854,4.141391277313232,0.5967003107070923,4.015966415405273,0.6629248857498169,4.255055303557442
3.9216063022613525,0.5785768032073975,3.8726181983947754,0.6542692184448242,3.783998489379883,0.6316953897476196,4.05080494781346
2.4598536491394043,0.4386024475097656,2.457523822784424,0.40008336305618286,2.4219634532928467,0.631188154220581,2.8260748027008264
2.421478033065796,0.4353580176830292,2.4309885501861572,0.6018808484077454,2.4626049995422363,0.4851919412612915,2.7781512503836434
2.421478033065796,0.4353580176830292,2.4309885501861572,0.6018808484077454,2.4219634532928467,0.631188154220581,2.6020599913279625
2.5063388347625732,0.5039792060852051,2.4588370323181152,0.4641121029853821,2.4219634532928467,0.631188154220581,2.322219294733919
2.4835078716278076,0.33146706223487854,2.457523822784424,0.40008336305618286,2.545945405960083,0.4308388829231262,2.230448921378274
2.421478033065796,0.4353580176830292,2.4638426303863525,0.4824714660644531,2.4626049995422363,0.4851919412612915,1.9542425094393248
2.2589690685272217,0.5849146246910095,2.1646881103515625,0.6432697772979736,2.117516040802002,0.5307292938232422,2.8182258936139557
2.6087863445281982,0.6419587135314941,2.590653419494629,0.6159461140632629,2.590456008911133,0.5967696309089661,2.507855871695831
3.494873046875,0.6531897187232971,3.465531587600708,0.5707960724830627,3.519866466522217,0.6649191379547119,4.0
2.9668378829956055,0.6057053804397583,3.0111443996429443,0.6286771893501282,2.950294017791748,0.619647741317749,2.5705429398818973
2.8416781425476074,0.5253576040267944,2.8249669075012207,0.5985286831855774,2.7528014183044434,0.6009238362312317,2.4456042032735974
2.5139901638031006,0.5871614813804626,2.543381690979004,0.5880377292633057,2.5429394245147705,0.6008356809616089,2.4099331233312946
2.159702777862549,0.5786120891571045,2.2143208980560303,0.5038411617279053,2.1738498210906982,0.5383689403533936,2.3729120029701067
2.1839957237243652,0.5674715042114258,2.225039005279541,0.579336404800415,2.206350803375244,0.58271723985672,2.2278867046136734
2.100735664367676,0.6868271827697754,1.8487836122512817,0.7185046076774597,2.047578811645508,0.6783726215362549,2.103803720955957
2.152279853820801,0.571619987487793,2.050966501235962,0.5421508550643921,2.0133216381073,0.5899573564529419,1.9030899869919435
1.8359367847442627,0.596576988697052,1.8961467742919922,0.5471615195274353,2.0361568927764893,0.5583687424659729,1.8325089127062364
1.0892918109893799,0.6907857060432434,1.5733139514923096,0.7211329936981201,1.989241123199463,0.667487621307373,0.7781512503836436
3.9688477516174316,0.6207712888717651,3.9696524143218994,0.6180434823036194,3.869467258453369,0.6080089211463928,4.0
3.051708936691284,0.5368857979774475,2.9751360416412354,0.5584090352058411,3.017179250717163,0.49421000480651855,2.998259338423699
2.9308815002441406,0.6025094389915466,3.174724817276001,0.5999121069908142,2.855252981185913,0.672565758228302,2.9722028383790646
2.351402759552002,0.4455028474330902,2.3351683616638184,0.5031424760818481,2.3489089012145996,0.5280417203903198,2.949877704036875
2.763190746307373,0.4692014455795288,2.7278976440429688,0.5312584638595581,2.7931551933288574,0.48925861716270447,2.747411807886423
2.44046688079834,0.5045437216758728,2.414738655090332,0.5562720894813538,2.42923641204834,0.545997142791748,2.5171958979499744
2.258366823196411,0.7396058440208435,2.0487146377563477,0.6942670941352844,2.260683059692383,0.6747862696647644,2.3483048630481607
2.213857889175415,0.4515417218208313,2.2235517501831055,0.47706177830696106,2.3311455249786377,0.4970083236694336,2.164352855784437
2.1451199054718018,0.5484912991523743,2.0848913192749023,0.5209088921546936,2.025125503540039,0.5510905385017395,2.08278537031645
1.0805500745773315,0.7121797800064087,1.590959906578064,0.7018741965293884,2.1588175296783447,0.6466357111930847,1.0791812460476249
3.922978639602661,0.713543713092804,4.213706970214844,0.6574850678443909,4.062708377838135,0.6786504983901978,4.0
3.3899288177490234,0.5935558676719666,3.357762336730957,0.6417540907859802,3.3722567558288574,0.6274635791778564,3.652343055062715
3.2836368083953857,0.6135604977607727,3.3229222297668457,0.6834385395050049,3.298914909362793,0.6164490580558777,3.1806992012960347
3.343097686767578,0.6422593593597412,3.302321434020996,0.6903445720672607,3.3647680282592773,0.6849773526191711,3.037027879755775
2.7330503463745117,0.5947893857955933,2.6640384197235107,0.6363444328308105,2.6384477615356445,0.5342530608177185,2.977266212427293
2.954941749572754,0.6122595071792603,2.967299222946167,0.6561017036437988,3.0871996879577637,0.6566785573959351,2.94546858513182
2.7454471588134766,0.7159020304679871,2.704768180847168,0.7564199566841125,2.6470718383789062,0.7466760277748108,2.814913181275074
2.7525622844696045,0.6713908910751343,2.7309131622314453,0.6500666737556458,2.7705256938934326,0.62303227186203,2.576341350205793
2.5538270473480225,0.6733729243278503,2.364516019821167,0.648037314414978,2.563117504119873,0.6263469457626343,2.4871383754771865
1.9990497827529907,0.7415564060211182,1.815370798110962,0.7176418900489807,2.496971845626831,0.7117013931274414,1.5440680443502757
0.9912201762199402,0.8396682143211365,0.990531325340271,0.6957986950874329,0.9460009932518005,0.6803913116455078,0.7781512503836436
0.9073166251182556,0.7305351495742798,0.978038489818573,0.75582355260849,0.9342736005783081,0.6637048125267029,0.9542425094393249
1.0305423736572266,0.7393891215324402,0.9911494255065918,0.7496949434280396,1.041682481765747,0.6798328757286072,1.146128035678238
1.3856306076049805,0.7505672574043274,1.2972122430801392,0.778864324092865,1.2024822235107422,0.7850391268730164,1.3424226808222062
1.1714415550231934,0.7723861336708069,1.1743217706680298,0.6676074266433716,1.208254337310791,0.7466857433319092,1.1760912590556813
1.0651507377624512,0.849922776222229,1.063988208770752,0.6748997569084167,1.022930383682251,0.7796439528465271,1.1139433523068367
1.1724690198898315,0.7809922695159912,1.0233232975006104,0.78345787525177,1.0295603275299072,0.7547652125358582,1.0
1.237828016281128,0.7971392273902893,1.1416136026382446,0.8467909693717957,1.1045753955841064,0.7452259659767151,0.9542425094393249
2.473830223083496,0.7762610912322998,2.542598247528076,0.7392383217811584,2.8568387031555176,0.7299692630767822,1.919078092376074
2.601713180541992,0.6888489127159119,2.2977545261383057,0.6889715194702148,2.376896858215332,0.7177858948707581,2.1994639048906626
1.889045238494873,0.724994957447052,1.8727285861968994,0.7128534913063049,1.9029792547225952,0.6815356612205505,2.1818435879447726
2.12233304977417,0.7719660401344299,1.97796630859375,0.8023667335510254,1.9505611658096313,0.7557457089424133,1.8129133566428555
2.1763291358947754,0.8134616017341614,2.189316511154175,0.8026605844497681,2.0460474491119385,0.8083208799362183,1.7160033436347992
2.3129353523254395,0.8390946984291077,2.162132501602173,0.830274224281311,1.8961485624313354,0.7977310419082642,1.6989700043360187
3.059998035430908,0.6061581969261169,2.9532341957092285,0.5125693678855896,3.0403356552124023,0.50605708360672,3.270911639410481
3.5376758575439453,0.5954368114471436,3.5480241775512695,0.5508368611335754,3.5275046825408936,0.46033337712287903,3.2617385473525378
3.073845624923706,0.4367263615131378,3.0615158081054688,0.5439497232437134,3.1458334922790527,0.4955127537250519,3.1806992012960347
3.290314197540283,0.5853590369224548,3.2930855751037598,0.49536415934562683,3.300874710083008,0.49840137362480164,3.09377178149873
2.9687395095825195,0.5365532040596008,2.9748640060424805,0.5351591110229492,2.925363779067993,0.4676297605037689,2.94546858513182
2.457472562789917,0.6116436719894409,2.421107530593872,0.5862566232681274,2.465928077697754,0.572068989276886,2.8312296938670634
2.7684006690979004,0.4493755102157593,2.789994239807129,0.5408575534820557,2.736231803894043,0.4893910884857178,2.765668554759014
2.5466248989105225,0.4461180865764618,2.48232102394104,0.49299299716949463,2.4768195152282715,0.468061238527298,2.6857417386022635
2.281719207763672,0.4823175072669983,2.3217673301696777,0.49860888719558716,2.245569944381714,0.4714052677154541,2.4742162640762553
1.6595357656478882,0.6271641254425049,1.667252779006958,0.5430028438568115,1.788917064666748,0.5146798491477966,1.380211241711606
3.437882661819458,0.372516393661499,3.495649576187134,0.5190994143486023,3.462005138397217,0.5320246815681458,3.384353414137506
3.225937604904175,0.5557693243026733,3.245847702026367,0.45805561542510986,3.24680757522583,0.5022878050804138,3.2357808703275603
3.05755615234375,0.4219288229942322,3.061065196990967,0.4545186161994934,3.0439743995666504,0.4160461723804474,3.1122697684172707
2.847498655319214,0.45969411730766296,2.7586240768432617,0.4722821116447449,2.8286852836608887,0.43488866090774536,2.9036325160842376
2.9162368774414062,0.49203163385391235,2.9308061599731445,0.4857945740222931,2.920742988586426,0.4597819745540619,2.681241237375587
2.4547436237335205,0.4655822217464447,2.4588046073913574,0.5320926308631897,2.485518217086792,0.4702765941619873,2.515873843711679
2.5199713706970215,0.5563361644744873,2.5438156127929688,0.4639822542667389,2.5294241905212402,0.4914219379425049,2.4712917110589387
2.3147988319396973,0.393982857465744,2.3267416954040527,0.461507111787796,2.363835334777832,0.4203091263771057,2.1789769472931693
2.041233777999878,0.4454735815525055,2.0427656173706055,0.4621368646621704,2.092858076095581,0.41916969418525696,2.1492191126553797
1.3471976518630981,0.45756372809410095,1.3998907804489136,0.5257296562194824,1.5056556463241577,0.4789038896560669,1.2304489213782739
3.4201157093048096,0.5632138848304749,3.4325339794158936,0.5145324468612671,3.4265246391296387,0.43149805068969727,3.6310376965367404
3.1641123294830322,0.5517705082893372,3.1725106239318848,0.49917998909950256,3.1732397079467773,0.4102199971675873,3.3613500243522663
2.988863706588745,0.39197564125061035,3.0453991889953613,0.39493006467819214,2.998434543609619,0.4038834273815155,3.0056094453602804
2.789644718170166,0.35105496644973755,2.885422706604004,0.400206595659256,2.821974277496338,0.4044579267501831,2.6464037262230695
2.33504056930542,0.5820274353027344,2.375760793685913,0.49924659729003906,2.3987598419189453,0.5006994605064392,2.444044795918076
2.613954544067383,0.569865345954895,2.6935644149780273,0.5045118927955627,2.6454336643218994,0.4656727612018585,2.3909351071033793
2.291243314743042,0.5540642142295837,2.348155975341797,0.48491668701171875,2.3242685794830322,0.44673988223075867,2.2405492482825995
2.110379457473755,0.392520546913147,2.082242250442505,0.4423823058605194,2.0915865898132324,0.4168642461299896,2.0453229787866576
1.858335018157959,0.5527706146240234,1.7983213663101196,0.45938780903816223,1.8938658237457275,0.4444548189640045,2.041392685158225
1.1426225900650024,0.4920697808265686,1.153369426727295,0.5126259326934814,1.165388822555542,0.46362727880477905,1.1139433523068367
3.027634859085083,0.40969765186309814,3.0548384189605713,0.5363484025001526,3.0860698223114014,0.5548325181007385,3.723044991643445
3.461029291152954,0.49039602279663086,3.450812816619873,0.5030302405357361,3.37501859664917,0.47742268443107605,3.2617385473525378
2.996028423309326,0.4718044102191925,3.035801410675049,0.5268281102180481,2.9177632331848145,0.5527440905570984,2.949877704036875
2.827798843383789,0.5295122265815735,2.8753933906555176,0.529491126537323,2.748026132583618,0.5548180341720581,2.5276299008713385
2.4709999561309814,0.47160032391548157,2.4450764656066895,0.5376827716827393,2.4782137870788574,0.48012280464172363,2.342422680822206
2.3201303482055664,0.6023033857345581,2.5002219676971436,0.49013009667396545,2.4255404472351074,0.5017237067222595,2.1702617153949575
2.162893772125244,0.4537399709224701,2.150059700012207,0.5321869254112244,2.1071953773498535,0.4663061797618866,2.1702617153949575
1.8955682516098022,0.48222973942756653,1.9099276065826416,0.49960803985595703,1.8465152978897095,0.5284636616706848,1.9867717342662448
1.670549988746643,0.5849665403366089,1.611095905303955,0.49136385321617126,1.6189615726470947,0.531802237033844,1.9590413923210936
1.1011412143707275,0.4900045692920685,1.122424602508545,0.5635000467300415,1.0863168239593506,0.5011574029922485,0.9030899869919435
2.669196605682373,0.8710484504699707,2.4196090698242188,0.9285019040107727,3.0445427894592285,0.8688839077949524,3.042181594515766
2.668325901031494,0.8710485100746155,2.4215335845947266,0.9284908175468445,2.9456615447998047,0.8615800142288208,3.137354111370733
1.1601547002792358,0.8048831820487976,1.242091178894043,0.8320020437240601,1.140143871307373,0.7916909456253052,1.772445426346
1.7197442054748535,0.7576971054077148,1.4622328281402588,0.7922284007072449,1.205764889717102,0.7819021940231323,2.020858281918316
0.6743794679641724,0.816586434841156,0.8758872151374817,0.8136937618255615,0.8057478070259094,0.7931485176086426,1.8893017025063104
1.7464845180511475,0.8735029101371765,1.7978439331054688,0.839033305644989,1.7536873817443848,0.8488394618034363,1.8114400989511272
1.6450316905975342,0.8699660301208496,1.6029140949249268,0.8442409634590149,1.63749098777771,0.8642503023147583,1.7479928841299552
1.5347177982330322,0.8699573874473572,1.8116509914398193,1.0045229196548462,1.52829909324646,0.8642387986183167,1.432071328734167
1.5617715120315552,0.8735559582710266,1.848219633102417,1.0065600872039795,1.562606692314148,0.8488309979438782,1.366804595051468
1.3160618543624878,0.7597989439964294,1.247273564338684,0.6891829371452332,1.4762260913848877,0.6792296171188354,1.307278943389931
1.292988896369934,0.6534110307693481,1.3224403858184814,0.712783932685852,1.2889946699142456,0.7201102375984192,1.307278943389931
1.3472092151641846,0.6985682845115662,1.3788264989852905,0.7252568006515503,1.6297160387039185,0.7109790444374084,1.307278943389931
1.4589741230010986,0.7573819160461426,1.527855634689331,0.7187358736991882,1.5270726680755615,0.6460986137390137,1.4833702095804502
1.5239070653915405,0.6639464497566223,1.5211509466171265,0.6724727749824524,1.5323292016983032,0.6372746229171753,1.4833702095804502
1.5741385221481323,0.6504221558570862,1.5924975872039795,0.7094131112098694,1.5551968812942505,0.725166380405426,1.4833702095804502
1.769169569015503,0.7913751602172852,1.983259677886963,0.5915266871452332,1.7836531400680542,0.6676310896873474,2.00624894772595
1.7620621919631958,0.79178386926651,1.9796183109283447,0.6969608068466187,1.8584167957305908,0.6723495125770569,2.0476416348300397
1.767509937286377,0.7955697774887085,2.0109457969665527,0.7414445877075195,2.0008108615875244,0.7615025639533997,2.0476416348300397
2.6543221473693848,0.7736000418663025,2.6800343990325928,0.7443508505821228,2.005603313446045,0.8031477332115173,2.738642709134438
2.7000155448913574,0.8019344210624695,2.718764305114746,0.8081719279289246,2.0244715213775635,0.8091229200363159,2.738642709134438
2.6867380142211914,0.7796727418899536,2.7203891277313232,0.8076411485671997,2.0400209426879883,0.8193819522857666,2.738642709134438
2.8755273818969727,0.8330322504043579,2.8801705837249756,0.8635966777801514,2.9541425704956055,0.749629020690918,2.9200628016758503
2.925719738006592,0.8344002366065979,2.9320521354675293,0.8616213202476501,2.9213850498199463,0.8662951588630676,2.9457682020667706
2.884092330932617,0.8728448152542114,2.876389503479004,0.8382461667060852,3.1187798976898193,0.7761995792388916,2.960491458592242
3.0189614295959473,0.8644843697547913,3.023226737976074,0.8358836770057678,2.9995005130767822,0.8595708012580872,3.0707069384290415
3.0635972023010254,0.9536572098731995,3.072047472000122,0.8394659161567688,3.0839431285858154,0.8301350474357605,3.0961540607315317
3.017887592315674,0.8318009376525879,3.008635997772217,1.0048251152038574,3.0009007453918457,0.8595941662788391,3.1201923016792876
1.2146133184432983,0.9963485598564148,1.2908563613891602,0.8574424982070923,1.2491964101791382,0.8670046329498291,1.6237516232510494
1.5162891149520874,0.7875694036483765,1.802580714225769,0.7863279581069946,1.9989464282989502,0.8708705306053162,2.4899584794248346
1.3089396953582764,0.8791889548301697,1.0980380773544312,0.8542715311050415,0.9853848218917847,0.8780646324157715,1.0
0.9178817272186279,0.7674424648284912,0.9899186491966248,0.7214942574501038,0.6862013936042786,0.7111104130744934,0.9542429437335896
0.8810607194900513,0.8883600831031799,0.9118567109107971,0.9081849455833435,1.0158839225769043,0.8550984263420105,1.5421029766994931
1.095973253250122,1.0171793699264526,1.0964034795761108,0.921081006526947,1.3708155155181885,0.8623749017715454,1.5496739006875977
1.1221375465393066,1.017229437828064,1.1273919343948364,0.9210862517356873,1.3810805082321167,0.9897601008415222,1.539538175680695
1.3542307615280151,0.9733533263206482,1.2804685831069946,0.8723648190498352,1.0688045024871826,0.8520365357398987,1.6231311772599608
2.5465807914733887,0.8850200772285461,3.4970502853393555,0.8678260445594788,3.463353157043457,0.839691162109375,3.255272505103306
2.559443712234497,0.8849138021469116,3.431845188140869,0.8654636740684509,3.192943811416626,0.8635653257369995,3.6020599913279625
2.550537586212158,0.884877622127533,3.5035228729248047,0.8993691205978394,3.139921188354492,0.8639414310455322,3.6020599913279625
3.504730224609375,0.8830307722091675,3.5395753383636475,0.8709047436714172,3.5050697326660156,0.8678847551345825,3.5563025007672873
3.615586757659912,0.8363597989082336,3.611952781677246,0.8699344992637634,3.496703624725342,0.880398154258728,3.6232492903979003
3.5095977783203125,0.8830193281173706,3.5636773109436035,0.8725789785385132,3.4549999237060547,0.880692183971405,3.6989700043360187
3.6471633911132812,0.8746012449264526,1.889105200767517,0.8871964812278748,3.6474509239196777,0.8346239924430847,3.7634279935629373
3.7523930072784424,0.806453287601471,1.8894718885421753,0.8871963620185852,3.7454471588134766,0.8039495348930359,3.7634279935629373
3.6476058959960938,0.8567895293235779,1.887389898300171,0.8872039914131165,3.641148805618286,0.867134690284729,3.7634279935629373
3.7483975887298584,0.8963580131530762,3.756453037261963,0.9035486578941345,3.761679172515869,0.8552021384239197,4.0
3.87007737159729,0.8331385850906372,3.851271867752075,0.8431943655014038,3.838294744491577,0.9220747947692871,3.8920946026904804
3.7483959197998047,0.8963580131530762,3.7852542400360107,0.8437737226486206,3.7732348442077637,0.8621043562889099,3.778151250383644
1.0890560150146484,0.8993922472000122,1.1092772483825684,0.9219431281089783,1.0777075290679932,0.8872667551040649,0.31875869313729016
0.6398023366928101,1.1517822742462158,0.515202522277832,1.068692922592163,0.5232551097869873,1.0755023956298828,0.04139268515822507
0.36547231674194336,0.9246313571929932,0.08465468883514404,1.098608374595642,0.5171606540679932,1.0751714706420898,0.4913616938342727
0.2739671468734741,0.8158780932426453,0.08053815364837646,1.0982190370559692,0.26451992988586426,0.8903906941413879,0.7558748556724915
0.6412972211837769,1.150488018989563,0.07565200328826904,1.0977911949157715,0.4349862337112427,1.044382929801941,0.2304489213782739
0.680458128452301,0.9071289896965027,0.6774025559425354,0.8118630051612854,0.6497536897659302,0.841310977935791,0.7781512503836436
0.7555651068687439,0.6704565286636353,0.743168294429779,0.421759694814682,0.7438817024230957,0.6008881330490112,0.4913616938342727
0.7051757574081421,0.7596380114555359,0.6950757503509521,0.762216329574585,0.7073346376419067,0.7271929383277893,0.6020599913279624
0.6762852668762207,0.7802106738090515,0.6893742084503174,0.7610541582107544,0.6798127889633179,0.7200384140014648,0.6989700043360189
0.702225923538208,0.7380246520042419,0.6800933480262756,0.7251848578453064,0.6808426976203918,0.8396811485290527,0.8325089127062363
0.6690869927406311,0.7772668600082397,0.6716598868370056,0.7584096193313599,0.7235857248306274,0.9349116683006287,0.9084850188786497
0.5740073919296265,0.9058879613876343,0.5452977418899536,0.8201901316642761,0.5730036497116089,0.7172589898109436,0.6334684555795865
0.5740073919296265,0.9058879613876343,0.6386011838912964,0.7284981608390808,0.5902432203292847,0.8384689688682556,0.47712125471966244
0.4298337697982788,0.7703397870063782,0.40518856048583984,0.8298357129096985,0.5941551923751831,0.7577149271965027,0.6232492903979004
0.6173558235168457,0.6966001987457275,0.650858998298645,0.7520549297332764,0.5941551923751831,0.7577149271965027,0.3222192947339193
1.5869895219802856,0.8450127243995667,1.417075753211975,0.8644269108772278,1.3626773357391357,0.7865173816680908,0.9542425094393249
0.23377501964569092,0.890508770942688,0.33885467052459717,0.7506628632545471,0.3057156801223755,0.8027268648147583,0.32538942048605174
0.25744903087615967,0.8833262920379639,0.31642723083496094,0.8383137583732605,0.36259543895721436,0.7915915250778198,0.43012474167709114
0.3217536211013794,0.8707944750785828,0.4793581962585449,0.7090820670127869,0.40574443340301514,0.6487724781036377,0.5144456083995548
0.7255643606185913,0.7626926302909851,0.8160145878791809,0.8221760988235474,0.8049885630607605,0.7700907588005066,0.5472380879812769
0.6682782173156738,0.7552820444107056,0.7641168236732483,0.8201215267181396,0.6775802969932556,0.641979992389679,0.655632020068717
0.6609113812446594,0.7586007714271545,0.6767550706863403,0.7142606377601624,0.6796473860740662,0.7909233570098877,0.6609608605962506
0.6831905245780945,0.7738140225410461,0.6535430550575256,0.7680233120918274,0.6709181070327759,0.7795220017433167,0.7156299404562237
1.9637168645858765,0.8297072052955627,1.924727201461792,0.9114821553230286,1.95762038230896,0.83412104845047,2.0
2.0063352584838867,0.9931650161743164,1.9647202491760254,0.9078651666641235,2.009047746658325,0.8419791460037231,2.0
2.0073728561401367,0.8569209575653076,1.9706387519836426,0.991244912147522,1.9726413488388062,1.0105054378509521,2.0
1.979680061340332,0.9983411431312561,1.9413304328918457,0.9975611567497253,1.9509856700897217,1.0148532390594482,2.0
1.48353111743927,0.8462992310523987,1.4566736221313477,0.8191102743148804,1.465313196182251,0.8250278830528259,1.5228787409373927
1.6191437244415283,0.7396745085716248,1.6040538549423218,0.9902065992355347,1.595056176185608,0.8301002979278564,1.5228787409373927
1.4833004474639893,0.9513713121414185,1.6153349876403809,0.8128519654273987,1.6494991779327393,0.8302302956581116,1.6989700043360187
1.4533005952835083,0.9606127738952637,1.6648508310317993,0.9949436783790588,1.645864725112915,0.8200386166572571,1.6989700043360187
0.2043001651763916,0.7496697902679443,0.2203749418258667,1.004231333732605,0.22394931316375732,0.8462927341461182,0.20411998265592482
0.30234837532043457,0.8655868768692017,0.3062286376953125,0.8030437231063843,0.3068650960922241,0.9635257124900818,0.13033376849500614
0.12188518047332764,0.8131906390190125,0.13056886196136475,0.8403010964393616,0.11507070064544678,0.8489794731140137,0.09691001300805642
0.26169848442077637,0.8265030980110168,0.2459172010421753,0.8603327870368958,0.26271045207977295,0.8462066650390625,0.2671717284030138
0.19391357898712158,0.832149863243103,0.18857944011688232,1.002665638923645,0.19002532958984375,0.8006864190101624,0.1903316981702915
0.13868987560272217,0.9495140314102173,0.11481404304504395,0.9946328997612,0.1368645429611206,0.7945680618286133,0.09691001300805642
0.29205358028411865,0.8097697496414185,0.325824499130249,0.8602433204650879,0.3585934638977051,0.9579652547836304,0.3891660843645325
0.1522430181503296,0.7826535105705261,0.15577733516693115,0.9952309727668762,0.15159225463867188,0.8463074564933777,0.20411998265592482
0.20117855072021484,0.8316227197647095,0.20057177543640137,0.7538927793502808,0.1983240842819214,0.8007073998451233,0.17609125905568124
0.37296998500823975,0.8168314099311829,0.44814419746398926,0.7995592355728149,0.4661288261413574,0.8454185128211975,0.4471580313422192
0.23645341396331787,0.8509272336959839,0.26493608951568604,0.772042989730835,0.21582341194152832,0.8484022617340088,0.2304489213782739
0.25073277950286865,0.8581726551055908,0.25969159603118896,0.8017868399620056,0.26745033264160156,0.8437663912773132,0.20951501454263097
1.4563626050949097,0.698830783367157,1.4249910116195679,0.745383620262146,1.9587512016296387,0.6990336179733276,1.0
1.3941160440444946,0.7842295169830322,1.400780200958252,0.7732993364334106,1.3054310083389282,0.7972337007522583,1.3010299956639813
1.5347903966903687,0.7873346209526062,1.5177061557769775,0.8039154410362244,1.29375422000885,0.871100902557373,1.4771212547196624
1.6605687141418457,0.6523104310035706,1.6389811038970947,0.7322139143943787,1.5484477281570435,0.8501141667366028,2.255272505103306
2.747983932495117,0.7951524257659912,2.7750909328460693,0.8114671111106873,2.7281908988952637,0.7959336042404175,3.230448921378274
3.0671520233154297,0.8120377659797668,2.970813274383545,0.8491454124450684,2.9891114234924316,0.7388285398483276,2.785329835010767
2.933027982711792,0.8140859007835388,2.7624106407165527,0.8011285662651062,2.841791868209839,0.7995107173919678,2.6989700043360187
2.549217700958252,0.7112233638763428,2.623054265975952,0.8676249980926514,2.6911749839782715,0.817037045955658,2.6989700043360187
1.783918023109436,0.7726096510887146,1.9824225902557373,0.6932858228683472,1.8267171382904053,0.7866137623786926,1.7853298278911853
1.8083739280700684,0.7897516489028931,1.8244935274124146,0.8108708262443542,1.7373074293136597,0.8203074336051941,1.6127838567197355
1.8533564805984497,0.8647035360336304,1.7998353242874146,0.9244765639305115,1.8605527877807617,0.8477462530136108,1.740362697390507
1.8426132202148438,0.8718875050544739,1.7874290943145752,0.8670191764831543,1.7902311086654663,0.8827580213546753,1.8450980462184636
1.8575338125228882,0.991497278213501,1.8559315204620361,0.8199330568313599,1.8456308841705322,0.822897732257843,1.716003351986616
1.73431396484375,0.8475723266601562,1.71318781375885,0.8508797883987427,1.737107515335083,0.8492948412895203,1.8450980462184636
1.809747576713562,1.040568470954895,1.5948532819747925,0.8763197064399719,1.7182071208953857,0.8649649024009705,1.8920945971226024
1.8369797468185425,1.0402263402938843,1.6028647422790527,0.8763425946235657,1.9194742441177368,1.0255595445632935,1.7923916965030036
1.5336055755615234,0.8841267824172974,1.6248968839645386,0.9262976050376892,1.686479091644287,1.039901614189148,1.7075701760979363
1.5303549766540527,0.8841063380241394,1.6298341751098633,0.8631457090377808,1.6461536884307861,0.8724509477615356,1.6720978486954092
1.463735580444336,0.502953290939331,1.4135469198226929,0.475429505109787,1.4673372507095337,0.4447695314884186,1.6232492903979006
1.389654278755188,0.37922143936157227,1.3605127334594727,0.3619539439678192,1.4446663856506348,0.7357831597328186,1.5440680443502757
1.3315001726150513,0.37855634093284607,1.3289320468902588,0.33699116110801697,1.3778009414672852,0.2999657094478607,1.5314789170422551
1.3413370847702026,0.4241318106651306,1.3840574026107788,0.5578210949897766,1.4114701747894287,0.7575411796569824,1.380211241711606
1.428328275680542,0.49120858311653137,1.4813100099563599,0.5388302206993103,1.4700392484664917,0.7514180541038513,1.4471580313422192
1.3957606554031372,0.3940945863723755,1.4134408235549927,0.32920435070991516,1.4369664192199707,0.3603149354457855,1.4313637641589874
1.309004545211792,0.3627469837665558,1.3115293979644775,0.3112229108810425,1.3807728290557861,0.3588637411594391,1.414973347970818
1.3243190050125122,0.5483866930007935,1.34462571144104,0.5499168634414673,1.3325427770614624,0.41974419355392456,1.3222192947339193
1.4322974681854248,0.41201919317245483,1.4446510076522827,0.46569639444351196,1.4621087312698364,0.46908190846443176,1.3222192947339193
1.3294124603271484,0.339340478181839,1.3580971956253052,0.30713286995887756,1.3816702365875244,0.33821800351142883,1.1760912590556813
1.336660385131836,0.39998167753219604,1.3023133277893066,0.466483473777771,1.346011757850647,0.32859179377555847,1.2304489213782739
1.3086978197097778,0.44229835271835327,1.3010295629501343,0.43096423149108887,1.3175268173217773,0.752090573310852,1.146128035678238
1.275278925895691,0.4392496943473816,1.2778797149658203,0.5451852083206177,1.2220683097839355,0.4796866774559021,1.2787536009528289
1.345947027206421,0.35297057032585144,1.2400522232055664,0.31965166330337524,1.1590793132781982,0.38002175092697144,1.2041199826559248
1.1519031524658203,0.3129211664199829,1.198455810546875,0.3092595338821411,1.2206451892852783,0.3229389190673828,1.2041199826559248
1.2761023044586182,0.5443583130836487,1.1662815809249878,0.4251214563846588,1.3269773721694946,0.4809911251068115,1.1760912590556813
1.437605381011963,0.7137234210968018,1.4666719436645508,0.7637553215026855,1.4678382873535156,0.7791092991828918,1.4471580313422192
1.3453946113586426,0.5971187949180603,1.3665157556533813,0.6730449199676514,1.3653185367584229,0.8251026272773743,1.414973347970818
1.3458192348480225,0.7881974577903748,1.288053274154663,0.5332945585250854,1.3470847606658936,0.7580527663230896,1.3424226808222062
1.2859374284744263,0.696803629398346,1.3532811403274536,0.7519177794456482,1.3850653171539307,0.8008272647857666,1.3010299956639813
1.2693099975585938,0.8411845564842224,1.2690105438232422,0.8530294299125671,1.2657008171081543,0.855495810508728,1.5831987739686226
1.363710880279541,0.851917564868927,1.3496650457382202,0.9811088442802429,1.3595447540283203,0.850958526134491,1.3010299956639813
1.069675326347351,0.8459451198577881,1.0679574012756348,0.854032039642334,1.065026044845581,0.8570598363876343,1.3010299956639813
1.2678906917572021,0.9587767720222473,1.1824352741241455,0.8502744436264038,1.280184268951416,0.8514049649238586,1.221848758302246
1.1928678750991821,0.8385255932807922,1.1358232498168945,0.8482993841171265,1.0987322330474854,0.9332901835441589,1.1549019512998535
1.0852442979812622,0.856694221496582,0.9622228741645813,0.9731795191764832,1.0360532999038696,0.8563259243965149,0.8860566650649422
1.0378003120422363,0.8747315406799316,1.0422935485839844,0.8702911138534546,1.045487403869629,0.8654229044914246,1.0969100130080565
1.0315288305282593,0.8425652384757996,1.0212942361831665,0.8866633772850037,1.034820795059204,0.8552321195602417,0.9586073104988301
0.868031919002533,0.8741541504859924,0.8606345653533936,0.8692808747291565,0.9776950478553772,0.8591806888580322,0.8860566650649422
1.3625141382217407,0.8637251257896423,1.3646619319915771,0.8680827021598816,1.3726435899734497,0.862616240978241,1.3617278360175928
1.1479556560516357,0.8400703072547913,1.1428083181381226,0.969805121421814,1.0847113132476807,0.8504450917243958,1.0755469613925308
1.0207853317260742,0.8567802906036377,1.2253931760787964,0.8903242945671082,1.093658447265625,0.7779107689857483,0.9777236052888477
1.3680038452148438,1.1135812997817993,1.4065519571304321,1.0946052074432373,1.4607009887695312,1.1813441514968872,0.6989700043360189
1.2136934995651245,0.7537391781806946,1.212190866470337,0.759519636631012,1.0420360565185547,0.8320103287696838,1.4771212547196624
1.21847665309906,0.6981960535049438,1.2463990449905396,0.7092294692993164,1.0554289817810059,0.8233725428581238,1.3979400086720377
1.3994226455688477,0.7973414659500122,1.3763076066970825,0.7555192112922668,1.4262609481811523,0.6503851413726807,0.9030899869919435
1.3376843929290771,0.6506349444389343,1.2827485799789429,0.7852333784103394,1.2839808464050293,0.6928897500038147,1.1760912590556813
1.0339510440826416,0.7014415860176086,1.068814992904663,0.7374874353408813,1.0108301639556885,0.6784947514533997,1.3783979009481377
1.1657352447509766,0.6398448944091797,1.2685320377349854,0.6930134892463684,1.2466658353805542,0.7192758917808533,1.3010299956639813
1.3453999757766724,0.7351561188697815,1.2467143535614014,0.6504456400871277,1.2480517625808716,0.726514995098114,1.1760912590556813
1.3604435920715332,0.772700309753418,1.2742151021957397,0.8080703616142273,1.1779454946517944,0.7027271389961243,1.146128035678238
0.7363877892494202,0.8026580810546875,0.6352773904800415,0.7861626744270325,0.5562591552734375,0.7984163165092468,0.572762898855467
0.7122029662132263,0.7577454447746277,0.6631290316581726,0.7835264205932617,0.6065976619720459,0.7968789935112,0.5783216808001675
1.4352657794952393,0.7801072597503662,1.1576329469680786,0.7766668796539307,1.088071584701538,0.7858253121376038,0.6336295186630205
2.178011894226074,0.8515335321426392,2.152115821838379,0.8834311366081238,2.466830253601074,0.8340631127357483,0.7517713333546332
2.217195510864258,0.8754417300224304,2.3226537704467773,0.8962664604187012,2.258479118347168,0.8970813751220703,0.5154377414620255
2.228325605392456,0.8754267692565918,2.2974720001220703,1.0320093631744385,2.2080626487731934,0.8973361849784851,0.5470103885032926
0.6874009966850281,0.426626592874527,0.8409173488616943,0.7260855436325073,0.7217625379562378,0.43524718284606934,0.6989700043360189
0.4698251485824585,0.3880953788757324,0.42698395252227783,0.3164355456829071,0.6135928630828857,0.5094522833824158,0.38021124171160603
0.4537007808685303,1.0138381719589233,0.2667810916900635,0.4384670555591583,0.2619321346282959,1.1093794107437134,0.11394335230683678
0.8581517934799194,0.4725800156593323,0.7510941624641418,0.8779751658439636,0.8160058259963989,1.1059198379516602,0.7781512503836436
0.5636510848999023,0.9941359162330627,0.5168893337249756,0.8409355878829956,0.6201992034912109,0.5089088082313538,0.47712125471966244
0.6972185969352722,1.0223075151443481,0.593819260597229,0.8102171421051025,0.3988199234008789,0.4768872857093811,0.3424226808222063
0.8225201368331909,0.9988393783569336,0.8894238471984863,0.8840152621269226,0.9017984867095947,0.46291816234588623,1.1760912590556813
0.6513341069221497,0.4552416205406189,0.7113142013549805,0.5966331362724304,0.6770191192626953,1.1082626581192017,0.8750612633917001
0.5909813642501831,1.0176422595977783,0.38753581047058105,0.5387568473815918,0.45478224754333496,1.1097958087921143,0.6020599913279624
0.7273645997047424,0.5096608996391296,0.6666714549064636,0.5715475082397461,0.6444770097732544,0.5355015397071838,0.3010299956639812
2.129657506942749,0.7359858751296997,1.8914330005645752,0.8165307641029358,1.9075005054473877,0.7616598606109619,2.012837224705172
0.5984010696411133,0.4748940169811249,0.8261585831642151,0.5911168456077576,0.5863014459609985,0.5901429057121277,1.2041199826559248
1.2972514629364014,0.9070032238960266,1.4368712902069092,1.1123583316802979,1.095010757446289,0.862206220626831,0.921686475483602
0.7790195345878601,0.6543367505073547,0.767900288105011,0.712660014629364,0.7211754322052002,0.6916357278823853,0.8937617620579434
1.074230432510376,0.5296100974082947,1.0880430936813354,0.6170945763587952,1.2264835834503174,0.44765225052833557,0.8305886686851442
1.129603385925293,0.49743977189064026,1.0930633544921875,0.6158318519592285,1.1076405048370361,0.5050948262214661,0.7708520116421442
0.23615729808807373,0.6415722966194153,0.5807580947875977,0.6605700254440308,0.552910327911377,0.6732182502746582,0.5314789170422551
0.9385050535202026,0.5687219500541687,0.8053867816925049,0.5028082132339478,0.5201096534729004,0.599158763885498,0.3424226808222063
0.676475465297699,0.43717747926712036,0.6946672797203064,0.4907449781894684,0.6769342422485352,0.5521738529205322,1.5010592622177514
0.37143778800964355,0.6196167469024658,0.5446268320083618,0.6329407095909119,0.538752555847168,0.6817893981933594,0.6232492903979004
1.3967676162719727,0.5471153855323792,0.9343246221542358,0.49827948212623596,1.3195191621780396,0.5367005467414856,1.0644579892269186
2.0158603191375732,0.7601514458656311,2.041091203689575,0.7940104007720947,2.1127474308013916,0.8617998957633972,2.4082399653118496
1.213494062423706,0.9171789288520813,1.5808309316635132,1.1332451105117798,1.064556360244751,0.9222131967544556,0.6532125137753437
1.6628321409225464,0.6207572221755981,1.7509887218475342,0.6769660115242004,1.4311248064041138,0.45437338948249817,0.568201724066995
0.9127845168113708,0.6117514371871948,0.7910758852958679,0.5484607219696045,0.8392804265022278,0.7293487191200256,1.7151673578484579
1.1624178886413574,0.6587443351745605,1.0344855785369873,0.7929605841636658,1.0317635536193848,0.7036375403404236,0.5910646070264992
1.5938990116119385,0.6346513628959656,1.1596068143844604,0.6046802997589111,1.2002683877944946,0.6579481959342957,1.5550944485783191
1.0077729225158691,0.7753793597221375,0.475308895111084,0.7369346022605896,0.937358021736145,0.7578065991401672,0.8512583487190752
1.756239891052246,0.8503445386886597,2.119527578353882,0.8738574981689453,1.3811986446380615,0.8342255353927612,2.44870631990508
0.9385751485824585,0.75983065366745,1.2819851636886597,0.7842806577682495,1.2163549661636353,0.7324740886688232,0.505149978319906
1.3236713409423828,0.8381845355033875,1.3604590892791748,0.9041228294372559,1.3801379203796387,0.9822647571563721,1.9822712330395684
2.7379205226898193,0.8215883374214172,2.7803280353546143,0.8080028295516968,2.8786487579345703,0.8799447417259216,2.2973957102789804
3.4865939617156982,0.8298707008361816,3.503843307495117,0.8301470875740051,3.5262889862060547,0.8245987296104431,3.6560342834463664
3.298520088195801,0.7820993661880493,3.2839293479919434,0.9632584452629089,3.286654472351074,0.82457435131073,3.6560342834463664
3.255122661590576,0.8324266076087952,3.2662453651428223,0.7628093361854553,3.3054189682006836,0.7537598013877869,2.900913067737669
2.688323974609375,0.8079203963279724,2.4464571475982666,0.9735352993011475,2.5445919036865234,0.8249409198760986,2.9060179692461596
2.690424919128418,0.845859169960022,2.4464571475982666,0.9735352993011475,2.5445919036865234,0.8249409198760986,2.900913067737669
3.090667724609375,0.8232553005218506,2.7094783782958984,0.9656783938407898,2.941948413848877,0.8777855634689331,3.126159652375837
2.450345993041992,0.8870821595191956,2.4142885208129883,0.9184528589248657,2.4460201263427734,0.8865888714790344,3.109983294819892
1.0890631675720215,0.8993922472000122,1.1295254230499268,1.0194828510284424,1.077721357345581,0.8872667551040649,2.0
1.0890631675720215,0.8993922472000122,1.0842359066009521,0.8871610164642334,1.0768383741378784,0.8623847961425781,2.0
2.905271053314209,0.8539912700653076,3.0683460235595703,0.9098387956619263,3.209057569503784,0.8633493185043335,3.674952948048565
2.905271053314209,0.8539912700653076,3.281564712524414,0.7528103590011597,3.2756829261779785,0.9966303706169128,3.2530955858490316
3.409991502761841,0.9797724485397339,3.4302287101745605,0.9699395298957825,3.209057569503784,0.8633493185043335,2.949877704036875
2.041868209838867,0.7589173316955566,2.0522918701171875,0.7039265632629395,2.258843183517456,0.7646859288215637,1.5797835966168101
1.8510278463363647,0.6748818159103394,1.516990065574646,0.7793092727661133,2.1503074169158936,0.7644177675247192,1.7781512503836436
1.8687353134155273,0.7212728261947632,1.4175409078598022,0.8071773052215576,1.5692224502563477,0.6831193566322327,1.9912260756924949
1.8224295377731323,0.7084188461303711,1.384592056274414,0.8444700241088867,1.521673560142517,0.7112306952476501,2.1271047983648077
0.8468321561813354,0.7768288254737854,0.7809088826179504,0.7115132808685303,0.7020809650421143,0.6144024133682251,0.6004987225948004
0.7800397872924805,0.7690861225128174,0.683498203754425,0.7339437007904053,0.6882325410842896,0.5428065657615662,0.6422230685031098
0.7358670830726624,0.626242995262146,0.716742217540741,0.6960774660110474,0.7117254137992859,0.5716375708580017,0.6863197266147095
0.8180967569351196,0.587988555431366,0.8817524909973145,0.7337086200714111,0.8476237654685974,0.49932676553726196,0.7554006825805436
0.684567928314209,0.5334693193435669,0.6367192268371582,0.7165697813034058,0.717468798160553,0.637888491153717,0.6584906695724873
0.704953134059906,0.7420161962509155,0.6646385788917542,0.5655752420425415,0.6761723756790161,0.6096320748329163,0.6922690907616533
0.7045871615409851,0.7426074147224426,0.6882112622261047,0.5612833499908447,0.7186845541000366,0.7095544338226318,0.7236088385015975
0.7806702256202698,0.7479100823402405,0.7620554566383362,0.6828280091285706,0.8073251843452454,0.4791976809501648,0.7704644333502404
0.7242999076843262,0.7888898849487305,0.6120024919509888,0.7253873944282532,0.7236934900283813,0.6391286253929138,0.537789008123533
0.5878320932388306,0.6355566382408142,0.5800677537918091,0.7518219351768494,0.6717385649681091,0.6116336584091187,0.6004987225948004
0.6700410842895508,0.7847398519515991,0.6217669248580933,0.7498089671134949,0.6383421421051025,0.7684369683265686,0.6321616891371097
0.7073671817779541,0.7529057860374451,0.7064343690872192,0.4684751629829407,0.7500710487365723,0.5992105603218079,0.7152834888984626
0.7161470651626587,0.8461087942123413,0.6390705108642578,0.7554683685302734,0.6567708253860474,0.8006070256233215,0.5026753343752224
0.6495249271392822,0.843372642993927,0.550945520401001,0.829405665397644,0.550492525100708,0.8080047965049744,0.5543355246304233
0.6024585962295532,0.8048585057258606,0.6389815807342529,0.8446896076202393,0.5299897193908691,0.386403888463974,0.5741697566312904
0.702381432056427,0.8122789859771729,0.7599589824676514,0.846562922000885,0.6819193363189697,0.8196171522140503,0.6710797696393469
0.6148550510406494,0.8494095802307129,0.6233947277069092,0.8665730953216553,0.6207509636878967,0.8675423860549927,0.4839931619052586
0.5112072229385376,0.988181471824646,0.5035616159439087,0.9747101664543152,0.4931495189666748,0.8333866000175476,0.5072229862964996
0.603978157043457,0.8601680994033813,0.5185999870300293,0.9746777415275574,0.5157603025436401,0.7441887259483337,0.5117235111953695
0.713736355304718,0.8642199635505676,0.6277439594268799,0.8803913593292236,0.6225558519363403,0.8650088310241699,0.5419851445059987
1.8859891891479492,0.8659003973007202,1.8741055727005005,0.8824855089187622,1.8996556997299194,0.8867070078849792,1.3010299956639813
1.431779384613037,0.6613799333572388,1.48152756690979,0.6599801182746887,1.5055025815963745,0.5007724761962891,1.708675792726537
1.6044977903366089,0.5372093915939331,1.5804851055145264,0.48115551471710205,1.5617845058441162,0.654338002204895,1.2730012720637376
1.505852222442627,0.6368701457977295,1.5832462310791016,0.4420284330844879,1.631417155265808,0.6280359029769897,1.6327608884794387
1.6694443225860596,0.6321442723274231,1.6661149263381958,0.6494228839874268,1.6814093589782715,0.6306542158126831,1.675228253593064
1.7150315046310425,0.6616643667221069,1.7167468070983887,0.5722667574882507,1.71382474899292,0.5993487238883972,1.8093576702111058
1.5651094913482666,0.6227192282676697,1.6005785465240479,0.6492767930030823,1.5771371126174927,0.5524502396583557,1.6030360562505217
1.6026420593261719,0.5300007462501526,1.5828578472137451,0.6012239456176758,1.5686109066009521,0.5934504866600037,1.5922878159521308
1.0788551568984985,0.8907890319824219,1.0794830322265625,0.8683156967163086,1.5856876373291016,0.6479291319847107,1.5613399414589013
0.9228878021240234,0.8466551303863525,1.6749709844589233,0.8554010391235352,1.6958897113800049,0.8570583462715149,0.6211762817750351
0.8322985768318176,0.8258481621742249,1.612459421157837,0.8515053391456604,1.630873203277588,0.8518882393836975,0.9072500828813285
1.2609612941741943,0.8413779139518738,1.2889535427093506,0.8120566606521606,1.2755087614059448,0.830855131149292,1.4520625774204234
2.1939125061035156,0.8582145571708679,2.2173912525177,0.8678961396217346,2.1279990673065186,0.8783864974975586,2.281091665663499
2.0328714847564697,0.9030267596244812,2.0301012992858887,0.8786054253578186,2.0215413570404053,0.8850656747817993,2.106299572916015
2.2223105430603027,0.8987283706665039,2.2415859699249268,0.895967960357666,2.1978461742401123,0.8972490429878235,2.0163904168315687
2.058210611343384,0.8428306579589844,2.0965218544006348,0.9474443793296814,2.0114495754241943,0.8566899299621582,1.9375075510718127
1.7691431045532227,0.8028088212013245,1.7026176452636719,0.8268972039222717,1.8595457077026367,0.8292929530143738,1.8669264750160817
1.9309608936309814,0.8520507216453552,1.8774611949920654,0.8395155668258667,1.941063404083252,0.8500849008560181,1.7981014785788747
1.7403041124343872,0.799045979976654,1.6439257860183716,0.8279620409011841,1.7118676900863647,0.8396260142326355,1.7928247593001219
2.10054612159729,0.877727210521698,2.1721134185791016,0.8940449953079224,2.013845682144165,0.8400907516479492,1.7513580706372016
1.9427261352539062,0.8237278461456299,1.8928494453430176,0.8163036704063416,1.8928008079528809,0.8262219429016113,1.790102116443042
2.1283392906188965,0.8941723108291626,2.029271364212036,0.9276548624038696,2.3118584156036377,0.8714706897735596,2.369698138949881
0.4792898893356323,1.1180850267410278,0.4837157726287842,0.9137423038482666,0.5005626678466797,0.9576048851013184,1.3617278360175928
0.7867364883422852,0.6416501402854919,0.7373851537704468,0.5733518600463867,0.4711127281188965,0.948296308517456,0.5797835966168101
0.4744243621826172,1.115140438079834,0.7541787624359131,0.8705900311470032,0.4394235610961914,0.9377730488777161,0.38021124171160603
0.630815863609314,0.9198502898216248,0.4490619897842407,0.9029420018196106,0.7077182531356812,0.7821253538131714,0.47712125471966244
0.5834001302719116,0.6298454999923706,0.6950364112854004,0.8670451045036316,0.604102611541748,0.7757068276405334,0.3010299956639812
0.4886833429336548,1.1152517795562744,0.4352304935455322,0.5912111401557922,0.3198244571685791,0.6905031204223633,0.43136376415898736
0.5297596454620361,1.005998969078064,0.5390244722366333,0.8126411437988281,0.3259251117706299,0.7278539538383484,0.5797835966168101
1.7868098020553589,0.4652838408946991,1.7718693017959595,0.4865398406982422,1.7063790559768677,0.5617819428443909,1.7011469211582442
2.0641188621520996,0.4886067509651184,1.9766560792922974,0.4436420202255249,1.9837522506713867,0.5104149580001831,1.7011469211582442
2.125495672225952,0.40428486466407776,2.3487071990966797,0.3729901611804962,2.0780115127563477,0.4257160425186157,2.245214967977794
2.4361696243286133,0.41857725381851196,2.3484485149383545,0.3672027885913849,2.262434244155884,0.36618688702583313,2.732555387821718
2.6691737174987793,0.7561220526695251,2.656704902648926,0.7871972322463989,3.0459914207458496,0.4938620328903198,3.1672727939401932
1.9863389730453491,0.6230037808418274,1.9085384607315063,0.5578555464744568,1.9917725324630737,0.733397364616394,1.6989700043360187
1.8336557149887085,0.6412881016731262,1.8426811695098877,0.5640887022018433,1.9733808040618896,0.5724267959594727,1.9030899869919435
1.9159334897994995,0.4612269401550293,1.8797537088394165,0.48007839918136597,2.028320074081421,0.5680024027824402,2.0
2.071563243865967,0.35531365871429443,2.0564751625061035,0.42971542477607727,2.0043821334838867,0.3950014114379883,2.5160062303860475
2.0765483379364014,0.44032323360443115,2.0351781845092773,0.42415595054626465,2.1166765689849854,0.6165978908538818,2.4533183400470375
1.9458203315734863,0.5475109815597534,1.8938779830932617,0.4375610053539276,1.863281011581421,0.4056722819805145,2.0969100130080562
2.222161293029785,0.44013476371765137,2.1378610134124756,0.4445548951625824,2.2308144569396973,0.30082088708877563,2.0
1.9496487379074097,0.436258465051651,1.9160239696502686,0.34948185086250305,1.9254989624023438,0.2998027205467224,1.9637878273455553
2.1892659664154053,0.4520817995071411,2.3034911155700684,0.3555319309234619,2.1174278259277344,0.6201461553573608,1.9138138523837167
2.260985851287842,0.49280846118927,2.2779078483581543,0.5517955422401428,2.4498910903930664,0.6588233113288879,1.9030899869919435
2.1068403720855713,0.5409811735153198,2.170551061630249,0.33534595370292664,2.143294095993042,0.5648818016052246,1.7323937598229686
1.830345630645752,0.41921988129615784,1.8437107801437378,0.37235525250434875,2.145469903945923,0.6463426947593689,1.568201724066995
1.8639869689941406,0.4228871464729309,1.8384981155395508,0.4731827974319458,2.145469903945923,0.6463426947593689,1.4471580313422192
2.1232078075408936,0.33513838052749634,2.2082605361938477,0.3269422650337219,2.19150972366333,0.5646735429763794,2.505149978319906
2.214223861694336,0.47300827503204346,2.182769298553467,0.3922518193721771,2.2222561836242676,0.6414029002189636,2.4471580313422194
2.3319830894470215,0.5443254709243774,2.6000659465789795,0.5518732666969299,2.2685155868530273,0.6776918172836304,2.255272505103306
2.473633289337158,0.6652362942695618,2.7573060989379883,0.6254222989082336,2.399397373199463,0.7361587285995483,2.2174839442139063
2.5687031745910645,0.855093777179718,2.570434331893921,0.8280349373817444,2.418689012527466,0.8590626120567322,2.832508912706236
0.9732778072357178,0.7353075742721558,1.276236891746521,0.6610549092292786,0.8508344292640686,0.6444616913795471,0.8830935291101389
2.8550729751586914,0.8504790663719177,2.853010416030884,0.8097593188285828,2.8474280834198,0.7260271310806274,2.8492146064139448
2.9673821926116943,0.7977024912834167,2.934152841567993,0.8854677081108093,2.935227870941162,0.8146470785140991,2.8920946026904804
3.0947132110595703,0.8371071219444275,3.083611488342285,0.8819120526313782,3.0673959255218506,0.8391239643096924,3.1760912590556813
3.098414659500122,0.8365911841392517,3.1046595573425293,0.7990425229072571,3.1168036460876465,0.7002723217010498,3.12057393120585
3.0584259033203125,0.8778701424598694,3.071370840072632,0.809937059879303,3.045969009399414,0.8176357746124268,3.0969100130080562
3.0483086109161377,0.8374009728431702,3.0283396244049072,0.8835341930389404,3.0111172199249268,0.8405302166938782,3.0791812460476247
2.7683701515197754,0.8575575351715088,2.744133472442627,0.8369941711425781,2.817542791366577,0.8294713497161865,3.026669428201376
2.236647605895996,0.8805049061775208,2.3507614135742188,0.9055389761924744,2.243569850921631,0.8750554323196411,1.7853298350107671
1.6919937133789062,0.866944432258606,1.747313380241394,0.9173544645309448,1.5049335956573486,0.8551777601242065,1.3010299956639813
0.3567984104156494,0.6315417289733887,0.4749258756637573,0.7163729667663574,0.5956432819366455,0.6517788767814636,0.3979400086720376
0.47577667236328125,0.6341145634651184,0.4878753423690796,0.7112049460411072,0.4716099500656128,0.667229175567627,0.3979400086720376
0.4290221929550171,0.6186856627464294,0.4469343423843384,0.6032735109329224,0.48336589336395264,0.6594916582107544,0.47712125471966244
0.4704921245574951,0.6126136779785156,0.576035737991333,0.6856473088264465,0.6541100144386292,0.6473343968391418,0.6020599913279624
1.296215534210205,0.7298694849014282,1.1203398704528809,0.7373615503311157,1.5400245189666748,0.711568295955658,0.9542425094393249
0.7440128922462463,0.7663928270339966,0.5883975028991699,0.6613401770591736,0.6063382625579834,0.6661507487297058,0.5314789170422551
1.2340800762176514,1.0547188520431519,1.3850622177124023,1.0598485469818115,1.2864046096801758,0.9373862147331238,1.6334684555795866
1.0833534002304077,0.8860670328140259,1.1092780828475952,0.9219431281089783,1.113912582397461,0.8858307600021362,1.6989700043360187
2.3086442947387695,0.7883870005607605,2.504498243331909,0.8149605989456177,2.17680287361145,0.6676496863365173,1.3502480183341627
1.2825322151184082,0.6460795998573303,1.5750460624694824,0.6661496758460999,1.8266836404800415,0.685876727104187,1.250420002308894
1.2983462810516357,0.7468127012252808,1.5550135374069214,0.7580739259719849,1.7655988931655884,0.771363377571106,1.2479732663618066
1.5371923446655273,0.5207358002662659,1.6406220197677612,0.6799988746643066,1.7697631120681763,0.6936467289924622,1.24551266781415
1.8385971784591675,0.7198569774627686,1.9176791906356812,0.7354182004928589,1.8443686962127686,0.6778955459594727,1.2405492482825997
1.1098594665527344,0.4629179537296295,1.1090072393417358,0.4432002604007721,1.104661464691162,0.4702762961387634,1.1038037209559568
1.1099326610565186,0.40756309032440186,1.0965230464935303,0.4551786780357361,1.1097986698150635,0.6747100353240967,1.0530784434834197
1.068537950515747,0.8879351019859314,1.072278380393982,0.6044819951057434,1.093612790107727,0.5646849870681763,1.021189299069938
1.0294361114501953,0.5631998777389526,1.035644769668579,0.5366693735122681,1.0601434707641602,0.7171192169189453,1.0128372247051722
1.0807995796203613,0.40314698219299316,1.0743110179901123,0.3718568980693817,1.100314736366272,0.6313594579696655,1.1549019512998535
1.0481209754943848,0.8399092555046082,1.0611786842346191,0.3262650668621063,1.0938776731491089,0.6454299688339233,1.0863598306747482
0.9765666723251343,0.8617364168167114,0.9974685907363892,0.5610440969467163,0.9938103556632996,0.4686316251754761,1.0492180226701815
1.0588399171829224,0.5667139887809753,1.0408796072006226,0.5326294898986816,1.0404062271118164,0.4994008243083954,1.041392685158225
1.0603482723236084,0.8461090326309204,1.0637516975402832,0.33943894505500793,1.0644075870513916,0.31709569692611694,1.1549019512998535
1.0297439098358154,0.8403395414352417,1.053959608078003,0.3570218086242676,1.0716379880905151,0.6311160326004028,1.041392685158225
1.0602829456329346,0.4777485132217407,1.0605378150939941,0.5176545977592468,1.0661123991012573,0.5068785548210144,1.021189299069938
0.9597850441932678,0.8630527257919312,0.9883109927177429,0.5407752394676208,1.0036770105361938,0.512170672416687,0.9867717342662448
1.0792737007141113,0.4394996762275696,1.0728743076324463,0.500709056854248,1.0589836835861206,0.45378294587135315,1.0969100130080565
1.01313054561615,0.8509483933448792,1.0435526371002197,0.4844760000705719,1.045027494430542,0.6355022192001343,1.0170333392987803
1.0451111793518066,0.578387975692749,1.0482181310653687,0.5407609343528748,1.0402722358703613,0.6039371490478516,1.0086001717619175
0.9587584733963013,0.5391079783439636,0.9490811228752136,0.535655677318573,0.9768692851066589,0.6860296130180359,0.9493900066449128
1.0256844758987427,0.4866507351398468,1.0353180170059204,0.48118457198143005,1.0326554775238037,0.5216541290283203,1.0791812460476249
1.0225772857666016,0.8982199430465698,1.0318503379821777,0.6427277326583862,1.0233349800109863,0.5510802865028381,1.0
1.020880937576294,0.4546484649181366,1.0235908031463623,0.548685610294342,1.0075123310089111,0.5171341300010681,0.9731278535996987
0.9371220469474792,0.8897353410720825,0.9318876266479492,0.5583328008651733,0.9423640966415405,0.5190364122390747,0.9242792860618817
1.0814603567123413,0.9631497263908386,1.1028239727020264,1.008479118347168,1.0458378791809082,0.9449909925460815,1.7781512503836436
1.1970051527023315,0.8126345276832581,1.329201340675354,0.9657534956932068,1.6492115259170532,0.9652653932571411,1.380211241711606
1.2973473072052002,0.9372226595878601,1.2882771492004395,0.9616634249687195,1.6972123384475708,0.9614941477775574,0.9030899869919435
1.1431541442871094,0.9480552673339844,1.1890778541564941,0.9987357258796692,1.7963013648986816,0.9614695906639099,0.8450980400142568
2.5468435287475586,1.158030390739441,2.322216033935547,1.149837851524353,2.454629898071289,1.0815132856369019,2.4673614169369897
2.605701208114624,1.1567727327346802,2.396696090698242,1.1487075090408325,2.5054869651794434,0.8971601724624634,2.6020599913279625
2.6836788654327393,1.151455283164978,2.554311513900757,1.1443990468978882,2.6934971809387207,1.038730502128601,2.6434526764861874
2.6624975204467773,1.1542258262634277,2.439091682434082,0.9860532879829407,2.268547534942627,1.1027541160583496,2.681241237375587
0.564454197883606,0.8272509574890137,0.6756134033203125,0.9286946058273315,0.570625901222229,0.824849009513855,0.9395192526186185
0.9462437629699707,0.814003586769104,0.842906653881073,0.8171685934066772,0.8101534247398376,0.8412289619445801,0.7708520116421442
0.5490788221359253,0.8543606400489807,0.7971978783607483,0.9595238566398621,0.6002658605575562,0.832805871963501,0.17609125905568124
0.6248207092285156,0.8293814659118652,0.7076455950737,0.8389572501182556,0.7205915451049805,0.9046171307563782,1.0644579892269186
0.7932224869728088,0.8263104557991028,0.9868226051330566,0.9545331001281738,1.0131316184997559,0.8372361660003662,0.8325089127062363
1.3782389163970947,0.9868134260177612,1.0724822282791138,0.8818725943565369,1.3050193786621094,0.8380947113037109,1.2227164711475833
1.4343531131744385,0.8878442645072937,1.4009923934936523,1.0061925649642944,1.3198699951171875,0.8370242714881897,1.2648178230095364
1.6128422021865845,0.8878311514854431,1.5246784687042236,0.8497584462165833,1.6563934087753296,0.8616151213645935,1.5910645958907432
0.8268573880195618,0.9597639441490173,0.912265956401825,1.0423599481582642,0.9513738751411438,1.0559333562850952,0.9731278535996987
1.127273678779602,1.1061629056930542,1.056549072265625,1.0410661697387695,1.0836129188537598,1.0278657674789429,0.7160033436347992
0.325437068939209,1.0100009441375732,0.8692542910575867,1.1756441593170166,0.419574499130249,1.02764093875885,0.5563025007672873
0.8499106168746948,1.052298665046692,1.0588783025741577,1.1697914600372314,0.919573962688446,1.075758695602417,1.0086001717619175
1.1199464797973633,0.9602739810943604,1.2166199684143066,1.1477415561676025,1.2285559177398682,1.0112149715423584,0.8129133566428556
1.2153685092926025,1.1001182794570923,1.2012991905212402,1.143794298171997,1.2135379314422607,1.084014654159546,1.4785664955938433
1.255102515220642,1.1017903089523315,1.392529010772705,1.0995923280715942,1.3304884433746338,1.136903166770935,1.4941545940184429
1.7339510917663574,1.073313593864441,1.7337520122528076,1.1672680377960205,1.7126185894012451,1.1135331392288208,1.6830470382388496
3.2613372802734375,0.5249218940734863,3.258584976196289,0.5199143886566162,3.2498092651367188,0.5341064929962158,3.361727836017593
3.1871280670166016,0.5793641805648804,3.1842191219329834,0.5109580159187317,3.2260193824768066,0.6102315187454224,3.3010299956639813
3.129673957824707,0.49212130904197693,3.1396169662475586,0.3781612515449524,3.134030342102051,0.5200494527816772,3.146128035678238
3.192708969116211,0.8175332546234131,3.0419812202453613,0.5463787913322449,3.0592594146728516,0.5059973001480103,2.9956351945975497
3.2295193672180176,0.5890625715255737,3.1815617084503174,0.512090265750885,3.0394461154937744,0.4113001525402069,3.342422680822206
3.216761350631714,0.7807996869087219,3.221872568130493,0.5233395099639893,3.1771135330200195,0.5889744162559509,3.037426497940624
3.190208911895752,0.7909896969795227,3.1079931259155273,0.4747292697429657,3.1012258529663086,0.5880298018455505,3.0170333392987803
3.1457314491271973,0.813450813293457,2.993962287902832,0.6035065054893494,2.999433994293213,0.5195282101631165,3.0
3.162862539291382,0.5738542675971985,3.2331998348236084,0.5442953705787659,3.2121543884277344,0.4979555606842041,3.0211892990699383
3.0559237003326416,0.29568204283714294,3.0680084228515625,0.5651995539665222,3.0881474018096924,0.5664346814155579,3.3010299956639813
3.106799364089966,0.7862312197685242,3.032891273498535,0.4502195715904236,3.065959930419922,0.4646218419075012,3.0170333392987803
3.070094347000122,0.8089141845703125,2.9788975715637207,0.491172194480896,2.95585298538208,0.5042237639427185,2.9542425094393248
2.4097962379455566,0.9373081922531128,2.4399709701538086,0.8846060037612915,2.4387571811676025,0.8451274037361145,4.0
2.6183013916015625,1.024815320968628,2.735198736190796,0.8875259160995483,2.675011157989502,0.8916730284690857,2.9542425094393248
2.654074192047119,0.8549802303314209,2.616488456726074,0.8916801810264587,2.6983108520507812,0.8759787678718567,2.845098040014257
2.574730396270752,0.7082828283309937,2.5798897743225098,0.7062409520149231,2.5863404273986816,0.6539719104766846,2.6020599913279625
2.6635184288024902,0.630016028881073,2.640225410461426,0.7140675187110901,2.619209051132202,0.7247340679168701,2.4771212547196626
2.7459354400634766,0.8680190443992615,2.6850857734680176,0.8626413941383362,2.7637460231781006,0.8739061951637268,2.3010299956639813
2.6298651695251465,0.7897779941558838,2.6280012130737305,0.4426605999469757,2.5944864749908447,0.638160228729248,2.6232492903979003
2.627753257751465,0.6578014492988586,2.583296060562134,0.7087766528129578,2.607395648956299,0.6405521035194397,2.6434526764861874
2.6140124797821045,0.6330458521842957,2.5623998641967773,0.7256062030792236,2.785573720932007,0.44231006503105164,2.6627578316815743
1.0799614191055298,0.8650820255279541,0.9824694395065308,0.8793366551399231,1.0619590282440186,0.8614984154701233,1.1549019512998535
1.7370015382766724,0.7758921384811401,1.7427175045013428,0.742833137512207,1.7395265102386475,0.718964695930481,1.7853298350107671
1.1912496089935303,0.8230010271072388,1.247157335281372,0.8095649480819702,1.3735244274139404,0.8013131022453308,1.255272505103306
1.8646730184555054,0.7393617033958435,1.9676778316497803,0.7351481914520264,1.9072340726852417,0.7494105696678162,1.9344984512435677
1.4819029569625854,0.7805147767066956,1.342664361000061,0.8103725910186768,1.4308500289916992,0.799176812171936,1.3617278360175928
1.928007960319519,0.7559682130813599,2.1979432106018066,0.7549775242805481,1.5949995517730713,0.708026647567749,2.1522883443830563
1.8450943231582642,0.7976492643356323,1.7201052904129028,0.812025249004364,1.7924607992172241,0.756881594657898,1.5563025007672873
1.8239144086837769,0.8379867076873779,1.9252492189407349,0.8421689867973328,2.1390950679779053,0.7030082941055298,2.419955748489758
1.9398330450057983,0.8794829845428467,2.1040444374084473,0.8685281276702881,2.1433000564575195,0.8401347994804382,1.9344984512435677
0.1925652027130127,0.7037645578384399,0.17006027698516846,0.6231354475021362,0.18743205070495605,0.7367680668830872,-0.09691001300805639
0.19790756702423096,0.7524601221084595,0.21320557594299316,0.6272203922271729,0.19404876232147217,0.6694462895393372,0.07918124604762482
0.37619614601135254,0.5623499155044556,0.40776073932647705,0.6622614860534668,0.3961409330368042,0.6578596830368042,0.21748394421390624
0.6681970357894897,0.711584210395813,0.8347002267837524,0.6605279445648193,0.8618770837783813,0.633023738861084,0.5877109650189114
1.6124911308288574,0.6934304237365723,1.7192051410675049,0.6407586336135864,1.7279744148254395,0.7322291731834412,1.3222192947339193
1.4934817552566528,0.7674855589866638,1.514420747756958,0.6375433802604675,1.5250787734985352,0.7291266918182373,1.2810333672477277
1.2812525033950806,0.7578860521316528,1.2954181432724,0.6881004571914673,1.2847740650177002,0.7210087180137634,1.2227164711475833
1.0252885818481445,0.6907283067703247,1.0125072002410889,0.6539806723594666,0.8891770243644714,0.6771063804626465,0.9084850188786497
0.9861955642700195,0.5862084627151489,0.9235979318618774,0.7346832156181335,0.9580616354942322,0.6681150197982788,1.1986570869544226
1.1740798950195312,0.7169464826583862,1.2093331813812256,0.6136436462402344,1.1125195026397705,0.6985963582992554,1.1818435879447726
1.4173423051834106,0.7357273101806641,1.3638880252838135,0.6950647830963135,1.3690621852874756,0.6818276047706604,1.7972675408307164
2.279573917388916,0.7430791258811951,2.2084436416625977,0.4500004053115845,2.471039056777954,0.7221479415893555,2.5514499979728753
2.1498501300811768,0.7700904011726379,2.2108185291290283,0.6312282681465149,2.1505908966064453,0.6471152305603027,2.550717423469283
2.200974702835083,0.7722926735877991,2.1178178787231445,0.6520772576332092,2.1458137035369873,0.6914559006690979,1.909020854211156
1.318507194519043,0.9506508708000183,1.456972599029541,0.8550235033035278,1.4282820224761963,0.8506728410720825,1.3364597338485296
1.5273032188415527,0.8783547878265381,1.1521549224853516,0.802834153175354,1.1630299091339111,0.8006375432014465,1.4857214264815801
1.3102068901062012,0.8286769986152649,1.1443990468978882,0.9003520011901855,1.3198158740997314,0.8519597053527832,1.5954962108028714
1.6585854291915894,0.8737522959709167,1.5858335494995117,0.8056313991546631,1.6793577671051025,0.7882777452468872,1.0128372247051722
1.4901199340820312,0.8360230326652527,1.37944757938385,0.8499836325645447,1.4874205589294434,0.8406437635421753,1.1958996524092338
2.144261121749878,0.5795958042144775,2.0369062423706055,0.5643798112869263,1.9340293407440186,0.570604145526886,1.221848758302246
1.0988762378692627,0.8436666131019592,1.049533724784851,0.9025489091873169,1.0647032260894775,0.8642825484275818,1.0457574862177303
2.14443302154541,0.8041952848434448,2.2130134105682373,0.8231759667396545,2.478288173675537,0.7066836953163147,1.968482948553935
0.6735899448394775,1.053199052810669,0.7687377333641052,1.3349130153656006,0.7073975205421448,1.0906050205230713,1.6232492903979006
1.6310983896255493,0.6687324643135071,1.9145258665084839,0.7047654986381531,1.656777262687683,0.6750349402427673,1.4771212547196624
1.9734337329864502,0.6886183023452759,2.336115598678589,0.7055504322052002,2.2397799491882324,0.7059587240219116,1.6989700043360187
1.5276100635528564,0.7188856601715088,1.5454901456832886,0.7361308336257935,1.4405159950256348,0.6821406483650208,1.6989700043360187
2.3103389739990234,0.8062000274658203,2.320051908493042,0.7407334446907043,2.333129405975342,0.7130218148231506,1.9344984512435677
2.814345359802246,0.6290238499641418,2.6086838245391846,0.7310769557952881,3.060086727142334,0.7008472084999084,1.8864907251724818
2.902503728866577,0.8368660807609558,3.010830879211426,0.8910776376724243,2.9830400943756104,0.8675847053527832,2.322219294733919
1.7462314367294312,0.7089828252792358,1.8931984901428223,0.6966539025306702,2.185940980911255,0.6006165742874146,1.9084850188786497
2.3067376613616943,0.7040265798568726,2.23750376701355,0.6320424675941467,2.361879348754883,0.6466343402862549,2.937517892017347
2.1985034942626953,0.7989974021911621,1.8720195293426514,0.8103740811347961,1.8846720457077026,0.7901153564453125,1.7781512503836436
2.4886817932128906,0.6651227474212646,2.874866485595703,0.7368637323379517,2.4659483432769775,0.6768473386764526,3.7104558643354246
2.3245129585266113,0.7489490509033203,2.2267801761627197,0.8209138512611389,2.2037746906280518,0.7976722717285156,2.8432327780980096
2.566718578338623,0.8438520431518555,2.7671523094177246,0.8607892394065857,2.748218059539795,0.845747709274292,3.287801729930226
1.5676212310791016,1.207267165184021,1.5064988136291504,1.2097136974334717,1.4348735809326172,1.1837711334228516,1.4885507165004443
1.8061398267745972,0.5888166427612305,1.7901557683944702,0.6060730218887329,2.1026787757873535,0.6766064167022705,1.7242758696007892
1.6922615766525269,0.6533734202384949,1.7184196710586548,0.5624527335166931,1.665006160736084,0.5224367380142212,1.6334684555795866
1.5916953086853027,0.6305187344551086,1.6212934255599976,0.523470401763916,1.8177151679992676,0.5600734353065491,1.5440680443502757
1.5323247909545898,0.5978506803512573,1.5495837926864624,0.5324997901916504,1.721883773803711,0.6035720109939575,1.4913616938342726
1.4494049549102783,0.6788621544837952,1.3909660577774048,0.679669976234436,1.6047519445419312,0.6228117942810059,1.255272505103306
1.896028995513916,0.6167384386062622,1.8907291889190674,0.595901608467102,2.1636481285095215,0.6736236810684204,1.8808135922807914
1.8305943012237549,0.610140860080719,1.8073338270187378,0.44990864396095276,2.021042823791504,0.5794434547424316,1.8195439355418688
1.7198253870010376,0.46301528811454773,1.7106685638427734,0.4583614468574524,1.8940790891647339,0.5560213327407837,1.7481880270062005
1.655766487121582,0.5974172353744507,1.637193202972412,0.5382257103919983,1.6543461084365845,0.5158413052558899,1.6812412373755872
1.4444615840911865,0.6609917879104614,1.4471304416656494,0.6601243615150452,1.4757109880447388,0.6392317414283752,1.5314789170422551
2.1093125343322754,0.5849801898002625,2.1080546379089355,0.5499781370162964,2.1031436920166016,0.5317676067352295,2.155336037465062
2.0324795246124268,0.4716399013996124,2.0357556343078613,0.5044901371002197,2.0197627544403076,0.4155880808830261,2.0644579892269186
2.0030477046966553,0.5012156963348389,1.9961175918579102,0.36075299978256226,2.0055127143859863,0.3734520375728607,1.9867717342662448
1.9167320728302002,0.5310572981834412,1.8559520244598389,0.5246617794036865,1.8737565279006958,0.4553745687007904,1.919078092376074
1.7237399816513062,0.6258176565170288,1.6654250621795654,0.6446341276168823,1.7522332668304443,0.6063473224639893,1.7323937598229686
2.4482343196868896,0.6554213166236877,2.4695332050323486,0.5498853325843811,2.4397408962249756,0.5990837216377258,2.651278013998144
2.399639129638672,0.5643051862716675,2.4439408779144287,0.4962882995605469,2.430598258972168,0.4485113024711609,2.525044807036845
2.2980990409851074,0.5543583035469055,2.3699538707733154,0.4262646436691284,2.344085216522217,0.4416736960411072,2.428134794028789
2.240062952041626,0.4992925226688385,2.264066219329834,0.5102943181991577,2.163423538208008,0.5928293466567993,2.296665190261531
2.0803399085998535,0.6847032904624939,2.0067787170410156,0.6583167910575867,2.005131721496582,0.6585443615913391,2.100370545117563
2.2845981121063232,0.6533320546150208,2.282658100128174,0.5483449101448059,2.25724458694458,0.5966111421585083,2.2095150145426308
2.242210865020752,0.39444825053215027,2.244661331176758,0.43778303265571594,2.2016665935516357,0.5745131969451904,2.1172712956557644
2.095726728439331,0.5505774617195129,2.139451026916504,0.427400678396225,2.095449686050415,0.5511763095855713,2.0644579892269186
2.0703659057617188,0.4811740815639496,2.0470266342163086,0.5076639652252197,2.0350492000579834,0.521392822265625,1.9084850188786497
1.892974615097046,0.68617182970047,1.8732117414474487,0.6429482102394104,1.8396090269088745,0.6516398191452026,1.845098040014257
2.123323917388916,0.6656664609909058,2.108708381652832,0.6708977222442627,2.111231803894043,0.5850279331207275,2.0569048513364727
1.9999654293060303,0.5181031823158264,2.0150387287139893,0.5621402859687805,2.0194966793060303,0.6135109066963196,2.0086001717619175
1.918184518814087,0.4387953579425812,1.911963939666748,0.47067978978157043,1.9135185480117798,0.5927342176437378,1.9084850188786497
1.8408795595169067,0.6170129776000977,1.8526445627212524,0.5769309401512146,1.7849559783935547,0.5196921229362488,1.8260748027008264
1.7194929122924805,0.7020142078399658,1.7965532541275024,0.6860330104827881,1.6409822702407837,0.6395400166511536,1.7323937598229686
3.143312454223633,0.79685378074646,2.931239604949951,0.8545196652412415,3.058420181274414,0.8068940043449402,3.330413773349191
3.2439422607421875,0.7918174266815186,3.034008264541626,0.8426543474197388,3.2335076332092285,0.8128806352615356,3.2016701796465816
3.149834394454956,0.7318524122238159,3.160299777984619,0.7379416823387146,3.005127429962158,0.5795676112174988,3.0874264570362855
2.8887412548065186,0.8054370880126953,2.852304458618164,0.8051449060440063,2.915040969848633,0.7803866863250732,2.9938769149412114
2.684062957763672,0.8300939202308655,2.4918482303619385,0.8214470744132996,2.3923914432525635,0.8239405751228333,2.6580113966571126
2.979886770248413,0.5402424931526184,2.9891200065612793,0.5786682367324829,2.9840450286865234,0.6374401450157166,3.12515582958053
2.8565120697021484,0.4122030436992645,2.8407201766967773,0.42090851068496704,2.7713751792907715,0.5454784631729126,2.9960736544852753
2.897068500518799,0.5903840661048889,2.878188133239746,0.5769012570381165,2.8371541500091553,0.6117061972618103,2.9410142437055695
2.817074775695801,0.5795637965202332,2.8059749603271484,0.620836079120636,2.7890286445617676,0.6301478743553162,2.7596678446896306
2.7180652618408203,0.40238115191459656,2.6939940452575684,0.4056150019168854,2.710517644882202,0.38964781165122986,2.716003343634799
2.7222719192504883,0.594755232334137,2.7219319343566895,0.6255165934562683,2.6966652870178223,0.5842267274856567,2.6693168805661123
2.6194210052490234,0.39717501401901245,2.6204962730407715,0.38875553011894226,2.561166286468506,0.5372109413146973,2.606381365110605
2.3983798027038574,0.5844970941543579,2.3336524963378906,0.63044673204422,2.4604601860046387,0.6372995972633362,2.424881636631067
2.498734712600708,0.4954160451889038,2.5151419639587402,0.40175026655197144,2.5218942165374756,0.41433361172676086,2.4216039268698313
2.215939521789551,0.5208844542503357,2.1353728771209717,0.5100563764572144,2.211678981781006,0.5696953535079956,2.2278867046136734
3.0503506660461426,0.8143801093101501,3.033618927001953,0.8374409079551697,3.0491604804992676,0.8404497504234314,3.041392685158225
3.257870674133301,0.8089728951454163,3.1418824195861816,0.9098427295684814,3.2095770835876465,0.838560938835144,3.1271047983648077
3.461087226867676,0.8019862771034241,3.355339288711548,0.7912518382072449,3.0331125259399414,0.8238330483436584,3.359835482339888
3.2667126655578613,0.8531087040901184,3.279155731201172,0.9006328582763672,2.7359890937805176,0.8320004343986511,3.660865478003869
1.5242201089859009,0.7968672513961792,1.604300856590271,0.7829261422157288,1.5021247863769531,0.7734287977218628,1.4708906104643977
1.0985205173492432,0.8621578216552734,1.2360512018203735,0.8890617489814758,1.1271330118179321,0.8816323280334473,1.403161082042965
1.2529561519622803,0.9143356084823608,1.178407907485962,0.934952974319458,1.0621795654296875,0.8833485245704651,1.2427786353774164
1.3641198873519897,0.8187001943588257,1.030111312866211,0.8646264672279358,0.5188560485839844,0.836927056312561,0.8325089127062363
1.1884818077087402,0.8549054265022278,1.1756646633148193,0.9042220115661621,1.1399075984954834,0.8408836126327515,1.252853030979893
1.1295850276947021,0.8670509457588196,1.1263141632080078,0.8476783633232117,1.077322244644165,0.8239699006080627,1.1139433523068367
0.9707748293876648,0.8489792943000793,0.9647876620292664,0.8899221420288086,0.9568753838539124,0.8680293560028076,0.9731278535996987
0.8241896033287048,0.8472108840942383,0.8166075348854065,0.8377068042755127,0.7935200333595276,0.8691087365150452,0.8450980400142568
0.7542664408683777,0.8063358664512634,0.7569580674171448,0.885952353477478,0.7310121059417725,0.8696343302726746,0.7781512503836436
0.7802113890647888,0.8568477034568787,0.7981342673301697,0.8519148826599121,0.7973655462265015,0.8426695466041565,0.6434526764861874
1.1093285083770752,0.5397973656654358,1.0939817428588867,0.5164058208465576,1.1253035068511963,0.5595275163650513,1.3560258571931227
1.3145583868026733,0.5696772336959839,1.2928842306137085,0.545060932636261,1.1253035068511963,0.5595275163650513,1.1139433523068367
0.8472129106521606,0.45316198468208313,0.9002198576927185,0.4028434157371521,0.8959788084030151,0.3942292034626007,1.0293837776852097
0.7968723773956299,0.4919225871562958,0.8574972748756409,0.4858156740665436,0.8531345725059509,0.5411222577095032,1.0
1.1633434295654297,0.4756664037704468,1.1387733221054077,0.4827185273170471,1.022965431213379,0.484864205121994,0.9542425094393249
0.9715894460678101,0.45274877548217773,0.9265006184577942,0.3947765529155731,0.9813077449798584,0.5248533487319946,0.8388490907372553
0.8862862586975098,0.480816513299942,0.8886978030204773,0.5208308100700378,0.8531345725059509,0.5411222577095032,0.7781512503836436
0.8967386484146118,0.6135623455047607,0.8363491892814636,0.5606022477149963,0.8797189593315125,0.5816752910614014,0.6812412373755872
1.9955434799194336,0.5323398113250732,1.7264533042907715,0.560509443283081,2.037696599960327,0.5050497055053711,2.4471580313422194
1.109229564666748,1.0185030698776245,1.077505111694336,0.8818293213844299,1.0817346572875977,0.8872376680374146,0.3010299956639812
1.7228368520736694,0.7973998785018921,1.824558138847351,0.9254657626152039,1.772634744644165,0.851925790309906,1.0
1.176265835762024,0.9024953842163086,1.2654962539672852,0.9211912751197815,1.3656978607177734,0.8640424013137817,1.1139433523068367
1.2830548286437988,0.8116399049758911,1.5612859725952148,0.9337590336799622,1.5827398300170898,0.886909008026123,1.0791812460476249
1.4500656127929688,0.8950775861740112,1.6662272214889526,0.929975152015686,1.3861291408538818,0.8380307555198669,1.3222192947339193
1.2513359785079956,0.803039014339447,1.3642863035202026,0.9168763160705566,1.2021069526672363,0.8068442940711975,1.3010299956639813
1.357328176498413,0.8102173209190369,1.6310702562332153,0.8052922487258911,1.3604767322540283,0.8125869631767273,1.6127838567197355
1.4416240453720093,0.8151147365570068,1.7149107456207275,0.8009276986122131,1.5152921676635742,0.8276820182800293,2.0681858617461617
1.7103288173675537,0.9044702053070068,1.6087219715118408,0.8136032223701477,1.6129803657531738,0.8131663799285889,1.5563025007672873
2.8509342670440674,0.9867512583732605,2.2003064155578613,0.8805127739906311,2.37630558013916,0.8812585473060608,2.100370545117563
2.7927961349487305,0.9086093902587891,2.6821770668029785,0.8219299912452698,2.621948003768921,0.8672187328338623,1.7403626894942439
1.03233003616333,0.8842664957046509,1.067464828491211,0.8599381446838379,1.0672366619110107,0.8621749877929688,0.0
0.9200468063354492,0.8650837540626526,0.6536676287651062,0.8791704773902893,0.7179966568946838,0.8845352530479431,0.9542425094393249
2.6138408184051514,0.8799351453781128,2.6951260566711426,1.0087302923202515,2.675016403198242,1.0150485038757324,3.0681858617461617
2.368548631668091,0.8671008944511414,2.303018093109131,0.8373696208000183,2.38461971282959,0.8443006277084351,2.7126497016272113
2.479529857635498,0.8066849112510681,2.457726001739502,0.871100664138794,2.406142234802246,0.8514861464500427,2.6127838567197355
2.420423746109009,0.8407801389694214,2.3719544410705566,0.9291993379592896,2.3775174617767334,0.8422578573226929,2.367355921026019
1.5266085863113403,0.9641104340553284,1.6076443195343018,0.8883070945739746,1.4849050045013428,0.9632747769355774,1.6020599913279625
1.586726188659668,0.8743719458580017,1.7607202529907227,0.9881720542907715,1.8121745586395264,0.9946765899658203,1.6020599913279625
1.3614954948425293,0.9680629968643188,1.4329793453216553,0.8470366597175598,1.418710470199585,0.8005041480064392,1.6020599913279625
1.222046136856079,0.9680269956588745,1.3335665464401245,0.9844921231269836,1.2971789836883545,0.8546763062477112,1.413299764081252
1.5613750219345093,0.8904131054878235,1.5908235311508179,0.8738821148872375,1.6441701650619507,0.8799642324447632,1.1903316981702914
1.353355884552002,0.8689743876457214,1.4942582845687866,0.8491189479827881,1.5719133615493774,0.8543059825897217,1.1903316981702914
1.487273097038269,0.8741311430931091,1.1287281513214111,0.8476001620292664,1.1565922498703003,0.8399033546447754,1.0530784434834197
1.4764333963394165,0.8780969977378845,1.1104568243026733,0.8465386629104614,1.1149547100067139,0.8121596574783325,0.7589118923979735
1.0833534002304077,0.8860670328140259,1.084228277206421,0.8871610164642334,1.077721357345581,0.8872667551040649,1.6989700043360187
1.0750484466552734,0.8977330923080444,1.0461688041687012,0.9049344062805176,1.0411341190338135,0.9042448401451111,1.5228787409373927
2.225334644317627,0.8754433989524841,2.140695571899414,0.8934093117713928,2.3176958560943604,0.8715817928314209,1.9159272116971158
1.050724983215332,0.8328315615653992,1.8958200216293335,0.8109168410301208,1.1510241031646729,0.8181965947151184,0.8860566650649422
1.1897789239883423,0.8232598900794983,1.9206080436706543,0.8143353462219238,0.9164681434631348,0.7979296445846558,0.7958800173440752
1.0606350898742676,0.7084091901779175,1.264276146888733,0.6620745062828064,1.055009126663208,0.7299988865852356,1.1549019512998535
1.2772126197814941,0.7491792440414429,1.30311918258667,0.7175638675689697,1.2346733808517456,0.6898925304412842,1.221848758302246
1.0254520177841187,0.6980577111244202,1.0947134494781494,0.7007439136505127,1.0802288055419922,0.7177976369857788,1.5228787409373927
1.6222376823425293,0.8790594935417175,1.961381435394287,0.8589159250259399,1.903652548789978,0.8687439560890198,1.6989700043360187
1.6666444540023804,0.877160906791687,1.7199594974517822,0.9665610790252686,1.7498359680175781,0.8651940226554871,2.0
2.0464584827423096,0.9763222336769104,2.1391990184783936,0.9034629464149475,2.0137767791748047,0.8724572658538818,1.7781512503836436
1.4002009630203247,1.1735279560089111,1.3857728242874146,1.1691160202026367,1.326880931854248,1.2195613384246826,0.8538719556358723
0.9965431094169617,0.8651853203773499,0.9252758026123047,0.8866702318191528,0.972445011138916,0.8706540465354919,0.7075701760979364
1.6238410472869873,0.8469353914260864,1.360562801361084,0.8318341970443726,1.5158488750457764,0.8108214139938354,3.6127838567197355
1.892798662185669,0.8221635222434998,2.2194881439208984,0.8080630302429199,1.6330052614212036,0.7853660583496094,2.103803720955957
1.962430477142334,0.8429296016693115,2.0163252353668213,0.8826689720153809,2.1572744846343994,0.8322854042053223,2.5440680443502757
1.1377441883087158,0.8973285555839539,1.0461688041687012,0.9049344062805176,1.1429665088653564,0.8718414902687073,1.2405492482825997
1.2191792726516724,0.8642550110816956,1.0461688041687012,0.9049344062805176,1.2279330492019653,0.891048014163971,1.1549019512998535
1.7039332389831543,0.8611832857131958,1.7326635122299194,1.0040919780731201,1.7396130561828613,0.8693189024925232,1.625312461253012
0.8370422720909119,0.8697566986083984,1.0939794778823853,0.8739879131317139,0.7547343969345093,0.8756024241447449,0.9586073104988301
0.8956823945045471,0.8633419275283813,0.8970406651496887,0.88218092918396,0.6170800924301147,0.9831479787826538,0.8450980400142568
1.4645798206329346,1.1789544820785522,1.4612072706222534,1.1271982192993164,1.4558311700820923,1.1445988416671753,1.6954816764901974
0.9727351069450378,1.3144177198410034,1.0803794860839844,1.1476709842681885,1.0814703702926636,1.2725178003311157,0.7958800173440752
0.8453658223152161,1.1593925952911377,0.8861294388771057,1.1808397769927979,0.9262580871582031,1.17997145652771,0.7075701760979364
0.7362578511238098,1.1267503499984741,1.3585623502731323,1.362419605255127,0.7274593710899353,1.1819088459014893,0.7695510829646709
0.8383080363273621,1.169372797012329,1.3585623502731323,1.362419605255127,0.8256495594978333,1.0872236490249634,0.7160033436347992
-0.25681042671203613,1.0635013580322266,-0.23680031299591064,1.1794625520706177,-0.15975356101989746,1.0964826345443726,1.6020599913279625
1.8396730422973633,0.6144843101501465,1.6034225225448608,0.8030304908752441,1.8313486576080322,0.7483965754508972,1.0759117614827776
1.7699302434921265,0.8223023414611816,1.8939383029937744,0.8089483976364136,2.0203170776367188,0.5916891098022461,2.6541187604979295
1.4766982793807983,0.6795938611030579,1.3573973178863525,0.6142540574073792,1.382604956626892,0.8379186391830444,1.1532049000842843
0.802867591381073,0.6801105737686157,0.8367273807525635,0.8029346466064453,1.7178049087524414,0.6611231565475464,1.0982975364946976
2.2097585201263428,0.5883672833442688,2.2183425426483154,0.7836203575134277,2.1732139587402344,0.6067460179328918,1.5273720828276118
1.9345614910125732,0.5690684914588928,1.8258366584777832,0.7918447256088257,1.8315136432647705,0.730995774269104,1.5843312243675307
1.6488308906555176,0.7152852416038513,1.5645912885665894,0.6326136589050293,1.5434612035751343,0.8395890593528748,1.5443161417474274
2.3409063816070557,0.667979896068573,2.3913681507110596,0.6996084451675415,2.166503429412842,0.5850141644477844,3.070942474030112
2.661057472229004,0.7832492589950562,2.6041994094848633,0.6870557069778442,2.696444034576416,0.7489339113235474,2.1219863790508384
1.7824575901031494,0.8291234970092773,1.9966908693313599,0.8074847459793091,1.9079267978668213,0.7718101739883423,2.43539838026736
2.20525860786438,0.8186798691749573,2.3515799045562744,0.5880178213119507,2.310610294342041,0.8380216956138611,2.608675764480902
2.956510305404663,0.7924140095710754,2.7676591873168945,0.8076812624931335,2.6669392585754395,0.8398247361183167,3.2004565007517085
2.6176867485046387,0.8299711346626282,2.7480034828186035,0.8043223023414612,2.8797607421875,0.7832142114639282,2.8519428931916573
1.6948598623275757,0.8070909380912781,1.6916553974151611,0.854733407497406,1.8481793403625488,0.8359355330467224,3.2917661058877763
1.3590149879455566,0.7013323903083801,1.483181357383728,0.656480610370636,1.593705654144287,0.6213493943214417,1.7481880270062005
1.4861478805541992,0.7141085863113403,1.5462864637374878,0.6723326444625854,1.6749942302703857,0.6344574689865112,1.6901960800285136
1.8263678550720215,0.7027949690818787,1.7878080606460571,0.7150618433952332,1.9040113687515259,0.6718137264251709,1.5797835966168101
2.144627571105957,0.6140084862709045,2.1153242588043213,0.5509870052337646,1.909381628036499,0.5124821066856384,2.6627578316815743
2.191739797592163,0.6173732280731201,2.4700675010681152,0.6470078825950623,2.5102951526641846,0.6142926216125488,1.9030899869919435
1.9663982391357422,0.5717640519142151,2.159745216369629,0.5203425288200378,2.276336908340454,0.5911961793899536,2.6434526764861874
2.2609589099884033,0.5514380931854248,2.281310796737671,0.6518141031265259,2.343900442123413,0.5909699201583862,1.845098040014257
2.481799602508545,0.6443750262260437,2.462831974029541,0.7082306146621704,2.506917715072632,0.622474730014801,2.6020599913279625
1.86831533908844,0.599880576133728,2.000619888305664,0.6276879906654358,1.9640285968780518,0.5829606652259827,2.6020599913279625
1.9925885200500488,0.5929664373397827,2.079805374145508,0.6323387622833252,2.0347511768341064,0.5786368250846863,1.7160033436347992
2.4386513233184814,0.668355405330658,2.487637996673584,0.8113654255867004,2.5105113983154297,0.6960152983665466,2.6434526764861874
1.9057841300964355,0.6433078646659851,2.0417978763580322,0.48308634757995605,2.385983943939209,0.6326355338096619,1.6812412373755872
2.3260254859924316,0.6926531791687012,2.2651357650756836,0.7368080615997314,2.3509302139282227,0.6738848686218262,2.681241237375587
1.9992426633834839,0.6660746932029724,1.9915918111801147,0.7908957600593567,2.4667675495147705,0.7097443342208862,1.5563025007672873
1.5726282596588135,0.8163132071495056,1.5585216283798218,0.8434231877326965,2.0476882457733154,0.790311336517334,0.7611758131557314
1.5498067140579224,0.7798243761062622,1.5512967109680176,0.810483992099762,1.3954768180847168,0.8258717060089111,1.6645479622465467
1.8534926176071167,0.7982208132743835,2.038057804107666,0.8291109204292297,1.7432054281234741,0.8229504227638245,2.1038721084030554
2.895782947540283,0.7992914915084839,2.8592119216918945,0.8339698314666748,2.9821462631225586,0.8196651935577393,2.861821058126627
3.3443779945373535,0.8074324727058411,3.2297685146331787,0.9035034775733948,2.884305238723755,0.7913007736206055,3.33894430279097
2.7589786052703857,0.9054343104362488,2.690540075302124,0.8654119968414307,2.7093634605407715,0.8672429919242859,3.4985283357730985
2.9846181869506836,0.8448383808135986,3.1515119075775146,0.8709768652915955,3.060790777206421,0.8465825915336609,3.3674155625246405
3.1319518089294434,0.9466205835342407,3.146702766418457,0.9042904376983643,3.101487636566162,0.8064308166503906,3.333674942312747
3.104809522628784,0.94319087266922,3.195640802383423,0.9104516506195068,3.2021875381469727,0.8257195949554443,3.146128035678238
3.096339225769043,0.8031401634216309,3.0929956436157227,0.9024683237075806,3.0848541259765625,0.8034803867340088,3.0
2.7547967433929443,0.8392906188964844,2.899812698364258,0.905825138092041,2.7107720375061035,0.8406500220298767,2.8808135922807914
2.888277769088745,0.8422790765762329,2.925370693206787,0.8532008528709412,2.902963638305664,0.8610869646072388,2.8258413877277757
2.8148961067199707,0.8581667542457581,2.7272791862487793,0.8825816512107849,2.6437792778015137,0.8713992834091187,2.6989700043360187
2.34928822517395,0.9788610935211182,2.490246057510376,0.9884249567985535,2.655205726623535,0.860032856464386,2.6700787846043186
2.008249044418335,0.5788722634315491,2.0411715507507324,0.6159111261367798,2.038006067276001,0.6818770170211792,2.012837224705172
2.2509663105010986,0.5485315322875977,2.306273937225342,0.596894383430481,2.211587429046631,0.6110941767692566,2.4471580313422194
2.6735734939575195,0.6554526686668396,2.7230067253112793,0.6366895437240601,2.5669000148773193,0.6719185709953308,2.791690649020118
1.1807063817977905,1.1686902046203613,1.2198550701141357,1.0365554094314575,1.8097622394561768,1.121381163597107,1.4771212547196624
1.4912893772125244,1.0558578968048096,1.4524370431900024,1.1521636247634888,1.8057186603546143,1.1211966276168823,1.1760912590556813
3.0605685710906982,0.648210883140564,3.030496597290039,0.6178773045539856,2.870573043823242,0.6404624581336975,3.1245042248342823
2.434978485107422,0.321706086397171,2.3669426441192627,0.3188588321208954,2.2678098678588867,0.30135107040405273,2.902546779313991
2.5042450428009033,0.711274266242981,2.507753372192383,0.736324667930603,2.43048357963562,0.6969658732414246,2.6020599913279625
2.52427339553833,0.4089486598968506,2.639237403869629,0.33361169695854187,2.4165027141571045,0.4356619715690613,2.5550944485783194
2.9892942905426025,0.5970003008842468,2.980186939239502,0.573539137840271,2.843064785003662,0.6332278251647949,2.9684829485539352
2.2553513050079346,0.34246885776519775,2.401212692260742,0.28897202014923096,2.206982135772705,0.2668161988258362,2.851869600729766
2.514350414276123,0.7610655426979065,2.485172748565674,0.7713524699211121,2.4526312351226807,0.742114245891571,2.550228353055094
2.477910280227661,0.2992407977581024,2.5047144889831543,0.4058718979358673,2.552734851837158,0.303202360868454,2.507855871695831
2.925002336502075,0.6122177243232727,2.910154342651367,0.5904167890548706,2.8147196769714355,0.6450580358505249,2.870403905279027
2.1999809741973877,0.38488298654556274,2.080270528793335,0.431542307138443,2.266597270965576,0.3668234348297119,2.814913181275074
2.3095264434814453,0.7707487344741821,2.4627013206481934,0.7791095972061157,2.427278995513916,0.7493888735771179,2.5327543789924976
2.415177345275879,0.34031397104263306,2.4013237953186035,0.40990379452705383,2.2621023654937744,0.4839157462120056,2.45484486000851
2.787187099456787,0.6167373061180115,2.794424057006836,0.7079416513442993,2.836594343185425,0.6187114119529724,2.862131379313037
1.9574719667434692,0.49213525652885437,1.9547185897827148,0.5012788772583008,1.9984651803970337,0.5633242726325989,2.795184589682424
2.20095157623291,0.8041889071464539,2.4582560062408447,0.7547352910041809,2.495363712310791,0.7337366938591003,2.506505032404872
2.4939897060394287,0.43902361392974854,2.4185643196105957,0.4196188747882843,2.1789984703063965,0.5693086981773376,2.450249108319361
1.3980525732040405,0.5925862789154053,1.3884183168411255,0.4988335371017456,1.3269730806350708,0.48458045721054077,1.1583624920952498
1.5276044607162476,0.45263734459877014,1.610805869102478,0.5074081420898438,1.512631893157959,0.6195907592773438,1.4548448600085102
1.765269160270691,0.5466662645339966,1.7853069305419922,0.49023255705833435,1.7521947622299194,0.5939701795578003,1.6946051989335686
2.344121217727661,0.5020846724510193,2.328119993209839,0.5116726160049438,2.2491936683654785,0.5168657898902893,1.9822712330395684
2.9899191856384277,0.5060766935348511,2.794037342071533,0.6197787523269653,2.9240336418151855,0.6303002238273621,3.555215405126073
1.09294855594635,1.0185884237289429,1.084228277206421,0.8871610164642334,1.0130000114440918,1.0272802114486694,0.9208187365805955
2.408146381378174,0.3473699688911438,2.485609531402588,0.36797016859054565,2.3470871448516846,0.4270232021808624,2.2329961103921536
2.282815456390381,0.39207497239112854,2.2026584148406982,0.3307558000087738,2.1735658645629883,0.37174010276794434,2.0203612826477078
2.0690057277679443,0.38309746980667114,2.0490145683288574,0.46238985657691956,2.024665594100952,0.40431904792785645,1.8627275283179747
2.667273998260498,0.7563858032226562,2.8597960472106934,0.8006260991096497,2.908890962600708,0.7889790534973145,2.625312450961674
2.5794146060943604,0.584302544593811,2.6630020141601562,0.5224408507347107,2.629713535308838,0.5400553941726685,2.3242824552976926
2.697716236114502,0.638558566570282,2.579519271850586,0.7344503402709961,2.6786036491394043,0.6344481706619263,2.6138418218760693
2.5810062885284424,0.7221835851669312,2.578291416168213,0.7214192152023315,2.6376075744628906,0.8094923496246338,2.8915374576725643
0.8185420036315918,0.5964726209640503,1.070342779159546,0.5553353428840637,0.8286397457122803,0.5581169128417969,1.0
0.8628286123275757,0.5725145936012268,0.947178065776825,0.5465004444122314,1.0574760437011719,0.6167729496955872,0.6020599913279624
1.010007619857788,0.562559962272644,0.9871647357940674,0.534824013710022,1.0229363441467285,0.5221113562583923,1.3010299956639813
1.0397326946258545,0.45868146419525146,1.1888319253921509,0.5452437400817871,1.262953519821167,0.5785792469978333,0.9030899869919435
1.4801232814788818,0.5168371200561523,1.4180538654327393,0.4445141553878784,1.331575632095337,0.49627235531806946,1.4771212547196624
1.5033202171325684,0.44164982438087463,1.4581283330917358,0.5204331278800964,1.6016721725463867,0.5132615566253662,1.041392685158225
1.7443355321884155,0.49286508560180664,1.6707769632339478,0.5033604502677917,1.4781651496887207,0.49361103773117065,1.6989700043360187
1.7600725889205933,0.42054295539855957,1.7069517374038696,0.4995953142642975,1.762473702430725,0.4529951512813568,1.4913616938342726
2.851362943649292,0.5012868046760559,2.7959423065185547,0.5613794326782227,2.8929810523986816,0.5073622465133667,3.118595365223762
2.7686960697174072,0.5248618125915527,2.7675538063049316,0.509601354598999,2.7759077548980713,0.5954655408859253,2.786041210242554
1.9811458587646484,0.527090847492218,1.9239978790283203,0.5283024907112122,1.9324567317962646,0.5747440457344055,1.8808135922807914
1.8703290224075317,0.5850502848625183,1.9747486114501953,0.5606077313423157,1.890688419342041,0.6326459050178528,1.7075701760979363
2.6516451835632324,0.5216062664985657,2.648056983947754,0.5200456976890564,2.6791605949401855,0.5217635631561279,2.7745169657285498
2.5075135231018066,0.5127764344215393,2.496577262878418,0.5485178828239441,2.5230302810668945,0.5390198230743408,2.5415792439465807
2.5917558670043945,0.5448413491249084,2.5563745498657227,0.5451691746711731,2.3658487796783447,0.5281043648719788,2.285557309007774
2.364262104034424,0.5702925324440002,2.3385424613952637,0.5835176110267639,2.334900379180908,0.5982140898704529,2.143014800254095
1.6723501682281494,0.5136517286300659,1.739548921585083,0.5167538523674011,1.7372678518295288,0.48050007224082947,1.7403626894942439
1.6345460414886475,0.566215991973877,1.7658636569976807,0.5451723337173462,1.611311435699463,0.5416139364242554,1.5563025007672873
2.506267547607422,0.5806211233139038,2.4440245628356934,0.5432788729667664,2.422612190246582,0.617245614528656,2.3364597338485296
2.3541018962860107,0.570387065410614,2.231536865234375,0.5746167898178101,2.305302143096924,0.5255774855613708,2.1583624920952498
2.1723647117614746,0.5830942392349243,2.1301426887512207,0.5991771221160889,2.147031784057617,0.5637575387954712,2.0453229787866576
1.962378740310669,0.5488836765289307,1.9693489074707031,0.5926377773284912,1.9326350688934326,0.550675630569458,1.9030899869919435
1.524960994720459,0.5376330018043518,1.5567641258239746,0.5423477292060852,1.5493141412734985,0.4987486004829407,1.5563025007672873
1.52205228805542,0.5592696666717529,1.3739337921142578,0.5916334390640259,1.4196193218231201,0.5535914897918701,1.3010299956639813
1.8578541278839111,0.6005415916442871,1.8254762887954712,0.6259243488311768,1.8001099824905396,0.6115334033966064,1.7403626894942439
1.6563547849655151,0.6683782339096069,1.5477904081344604,0.6291947960853577,1.5478416681289673,0.5752418637275696,1.6020599913279625
1.3552124500274658,0.578545331954956,1.39259672164917,0.5885717272758484,1.4344120025634766,0.6323232650756836,1.3617278360175928
1.1977354288101196,0.5717427134513855,1.414658784866333,0.6365060806274414,1.2407467365264893,0.5854777693748474,1.146128035678238
2.23334002494812,0.8574777841567993,2.188424587249756,0.8922477960586548,2.1878347396850586,0.8956158757209778,3.9537596917332287
2.160179615020752,0.905195415019989,2.8416707515716553,1.010307788848877,2.851583957672119,0.8490254282951355,3.173186268412274
2.160179615020752,0.905195415019989,3.095311164855957,0.8793465495109558,3.1058409214019775,0.8475562930107117,2.8692317197309762
1.7579114437103271,0.8920954465866089,1.92586350440979,1.0041049718856812,2.6161351203918457,0.8622695803642273,1.9084850188786497
1.8249225616455078,0.8891019225120544,1.823258638381958,0.8903314471244812,2.388502359390259,0.8704577088356018,1.146128035678238
2.1089963912963867,0.5239636898040771,2.170344829559326,0.5555759072303772,2.1333212852478027,0.6354314684867859,3.2801228963023075
2.3964927196502686,0.5510705709457397,2.3454508781433105,0.5615727305412292,2.4498138427734375,0.5598676204681396,2.0086001717619175
2.3440661430358887,0.5252931714057922,2.321707010269165,0.5870174169540405,2.4498138427734375,0.5598676204681396,1.9822712330395684
2.171475410461426,0.553780198097229,2.175107955932617,0.6007487177848816,2.142699956893921,0.5596755743026733,1.9542425094393248
2.2098169326782227,0.5276181101799011,2.0570766925811768,0.5427095293998718,2.1744089126586914,0.5349013209342957,1.8976270912904414
2.4488205909729004,0.6140112280845642,2.6685869693756104,0.6774349808692932,2.1333212852478027,0.6354314684867859,1.8260748027008264
1.594565510749817,0.4996497333049774,1.5555033683776855,0.5585295557975769,1.495861530303955,0.5462812781333923,1.4913616938342726
1.7083810567855835,0.589554488658905,1.7775776386260986,0.562584638595581,1.863559365272522,0.4969608187675476,1.3979400086720377
1.6729822158813477,0.6912234425544739,1.5821739435195923,0.6518300175666809,1.5989370346069336,0.6236233711242676,1.2787536009528289
2.3550221920013428,0.5416465401649475,2.655388832092285,0.6669365167617798,2.2117621898651123,0.6227767467498779,2.82865989653532
2.367579936981201,0.5323589444160461,2.513170003890991,0.48843517899513245,2.414706230163574,0.6011899709701538,2.5514499979728753
2.5615477561950684,0.5292229056358337,2.468433380126953,0.5981027483940125,2.414706230163574,0.6011899709701538,2.3541084391474008
2.2082550525665283,0.5241480469703674,2.2442221641540527,0.5222442746162415,2.270599842071533,0.5406582355499268,2.285557309007774
2.3058671951293945,0.5328748822212219,2.220876693725586,0.5638887286186218,2.2602922916412354,0.5218742489814758,2.1583624920952498
2.533118486404419,0.5631305575370789,2.655388832092285,0.6669365167617798,2.5251569747924805,0.5676866769790649,2.0681858617461617
1.6505475044250488,0.5574416518211365,1.6098796129226685,0.5752138495445251,1.7999144792556763,0.5946910381317139,1.8512583487190752
1.7420963048934937,0.5070953965187073,1.8486227989196777,0.5472085475921631,1.6921372413635254,0.5832034945487976,1.5797835966168101
1.5569685697555542,0.612895131111145,1.6517843008041382,0.6341539621353149,1.5918889045715332,0.5856751203536987,1.462397997898956
2.7112269401550293,0.542691171169281,2.6660823822021484,0.5485294461250305,2.7104992866516113,0.5161193013191223,2.9689496809813427
2.7112269401550293,0.542691171169281,2.7039942741394043,0.46685564517974854,2.746858596801758,0.5623047351837158,2.797959643737196
2.4954798221588135,0.5000982284545898,2.5282785892486572,0.5569998621940613,2.512960910797119,0.5007140636444092,2.6414741105040993
2.5693347454071045,0.47718575596809387,2.4310994148254395,0.5362614989280701,2.495666265487671,0.5143521428108215,2.5390760987927767
2.4050137996673584,0.5277297496795654,2.6301536560058594,0.6515955924987793,2.4835779666900635,0.5386964082717896,2.513217600067939
2.5405733585357666,0.5456334352493286,2.6301536560058594,0.6515955924987793,2.5375375747680664,0.5432984828948975,2.4149733479708178
1.8560302257537842,0.43836674094200134,1.883321762084961,0.4734724462032318,1.8494150638580322,0.48465749621391296,2.1492191126553797
1.8799591064453125,0.5315223336219788,1.854471206665039,0.5215621590614319,1.880757212638855,0.5241604447364807,1.9294189257142929
1.6294586658477783,0.6387491226196289,1.7087745666503906,0.6261107325553894,1.582059383392334,0.6461219787597656,1.7323937598229686
2.905764102935791,0.5730788707733154,3.208900213241577,0.5265441536903381,3.2617130279541016,0.46697261929512024,3.425371166438941
2.905764102935791,0.5730788707733154,3.229999542236328,0.5417981743812561,2.8822293281555176,0.5136886239051819,3.370883016777606
2.99330472946167,0.46995627880096436,2.857510566711426,0.4931388199329376,2.948843479156494,0.485244482755661,3.278982116865443
3.0358705520629883,0.4797639548778534,2.857510566711426,0.4931388199329376,2.88149356842041,0.48126256465911865,3.0565237240791006
2.559864044189453,0.5312233567237854,2.576853036880493,0.6289374828338623,2.4624602794647217,0.5710794925689697,2.6693168805661123
2.08359694480896,0.5046446323394775,2.180884599685669,0.45333346724510193,2.1547868251800537,0.4380081295967102,2.416640507338281
2.146648406982422,0.5163944363594055,2.1903650760650635,0.4869351387023926,2.2299306392669678,0.4762044847011566,2.2764618041732443
2.559864044189453,0.5312233567237854,2.557368516921997,0.5471962094306946,2.5214293003082275,0.5809879302978516,2.143014800254095
1.8434348106384277,0.5759084224700928,1.791977047920227,0.6090105772018433,1.7674322128295898,0.630327045917511,1.9731278535996986
3.4672460556030273,0.4609001874923706,3.3417046070098877,0.5267453789710999,3.4482951164245605,0.4558236300945282,3.6137361412618714
2.979515790939331,0.549229621887207,3.0082974433898926,0.5764986872673035,2.989713191986084,0.6031482815742493,2.840106094456758
2.583432197570801,0.716072678565979,2.448782205581665,0.7182012796401978,2.430716037750244,0.6745983362197876,2.629409599102719
2.2644948959350586,0.4879046678543091,2.282466411590576,0.5210644006729126,2.242827892303467,0.4339431822299957,2.5428254269591797
2.0901730060577393,0.4835655391216278,2.212162494659424,0.43851375579833984,2.03940749168396,0.4615442156791687,2.399673721481038
2.13449764251709,0.5232166647911072,2.178734302520752,0.48653993010520935,2.201772928237915,0.460452675819397,2.330413773349191
2.107178211212158,0.5766823887825012,2.1278927326202393,0.5974266529083252,2.1832544803619385,0.539800763130188,2.2174839442139063
2.1089913845062256,0.6371276378631592,2.1228413581848145,0.6551609039306641,1.9037938117980957,0.6418868899345398,2.1172712956557644
3.37614107131958,0.4843751788139343,3.5935933589935303,0.498832106590271,3.5296988487243652,0.45525309443473816,3.5851221863068155
2.9382717609405518,0.5764986872673035,2.895761013031006,0.5993022918701172,2.949648857116699,0.6438236832618713,2.7315887651867388
2.635641574859619,0.47313234210014343,2.5968055725097656,0.5075928568840027,2.385105609893799,0.48305416107177734,2.531478917042255
2.4073214530944824,0.709239661693573,2.498993396759033,0.7535727024078369,2.6173596382141113,0.7513636350631714,2.509202522331103
2.4900617599487305,0.48233944177627563,2.446993350982666,0.40744757652282715,2.4436440467834473,0.5186941027641296,2.385606273598312
2.295515537261963,0.44550615549087524,2.2890572547912598,0.5259926915168762,2.313599109649658,0.5472791790962219,2.2405492482825995
2.180650234222412,0.5340388417243958,2.1303136348724365,0.5586584806442261,2.1313648223876953,0.5669536590576172,2.146128035678238
2.0533149242401123,0.5899030566215515,2.0311696529388428,0.6300424933433533,2.1171717643737793,0.6560667753219604,2.037426497940624
3.4625661373138428,0.61716628074646,3.559711456298828,0.6104050874710083,3.386326789855957,0.5208485722541809,3.953807997665307
3.4625661373138428,0.61716628074646,3.6840057373046875,0.5972446203231812,3.641317367553711,0.5952252149581909,3.839729375206388
3.750809669494629,0.547558605670929,3.6632003784179688,0.5564546585083008,3.725863456726074,0.5305062532424927,3.777499319590365
3.789731025695801,0.48579639196395874,3.7814173698425293,0.5205767750740051,3.7495431900024414,0.5988530516624451,3.5216610151120733
3.261512279510498,0.6181360483169556,2.2633204460144043,0.6619643568992615,2.8248043060302734,0.5741450786590576,3.0644579892269186
2.447937250137329,0.5641530752182007,2.5238265991210938,0.5958077311515808,2.407299757003784,0.5522788763046265,2.851869600729766
2.668581008911133,0.5161380171775818,2.697239398956299,0.5440616607666016,2.6236729621887207,0.5835300087928772,2.814913181275074
2.1534457206726074,0.6187839508056641,1.7437831163406372,0.6539387702941895,2.3295738697052,0.5938782691955566,2.3283796034387376
3.261512279510498,0.6181360483169556,3.0576651096343994,0.5967779755592346,3.0724964141845703,0.5960797071456909,1.9395192526186185
2.7698006629943848,0.7343810200691223,2.4656200408935547,0.7561933994293213,3.1645047664642334,0.5937621593475342,3.4886916983169405
2.797450065612793,0.7785829901695251,2.2651829719543457,0.8000268340110779,2.801887035369873,0.8024494051933289,2.6857417386022635
2.4770381450653076,0.7492631673812866,2.480483293533325,0.7226629257202148,2.6282315254211426,0.8072627186775208,2.5211380837040362
2.4257421493530273,0.8161072731018066,2.4178078174591064,0.8499372601509094,2.4220027923583984,0.8278777003288269,2.444044795918076
2.3650012016296387,0.7416329383850098,2.3319272994995117,0.7180894017219543,2.4600517749786377,0.8038002848625183,2.3560258571931225
2.2425248622894287,0.7070248126983643,2.1951377391815186,0.7375757098197937,2.29514741897583,0.8056672811508179,2.220108088040055
2.1722116470336914,0.7645944952964783,2.108201265335083,0.7078169584274292,2.15911865234375,0.7698178887367249,2.113943352306837
2.118563175201416,0.7834511995315552,2.0138747692108154,0.822975754737854,2.0888261795043945,0.7861448526382446,2.0043213737826426
3.0623221397399902,0.7843390107154846,3.1839499473571777,0.8202018737792969,3.0814571380615234,0.7953109741210938,3.473194909204938
3.1103625297546387,0.7696127891540527,3.097032070159912,0.765154242515564,2.9658730030059814,0.7774397134780884,3.2607866686549762
3.441061496734619,0.8517917990684509,3.2876148223876953,0.8386833071708679,3.266911029815674,0.8861651420593262,2.8129133566428557
2.888273239135742,0.810293436050415,2.8407840728759766,0.79193514585495,2.7791507244110107,0.8109702467918396,2.3443922736851106
2.511693000793457,0.8144847750663757,2.509685516357422,0.7873122096061707,2.5223491191864014,0.8115485310554504,2.5575072019056577
2.2042436599731445,0.9288806915283203,2.3119406700134277,0.8709057569503784,2.1797690391540527,0.8391262888908386,2.7671558660821804
1.5503758192062378,0.8979498744010925,1.465328574180603,0.8929024934768677,1.5801986455917358,0.8972457051277161,1.1613680022349748
1.09294855594635,1.0185884237289429,1.1092780828475952,0.9219431281089783,1.0864371061325073,0.8710877299308777,1.6989700043360187
1.1061266660690308,0.8657229542732239,1.084228277206421,0.8871610164642334,1.0864371061325073,0.8710877299308777,1.5228787409373927
1.7920560836791992,0.43844443559646606,1.780274510383606,0.4849581718444824,1.7063790559768677,0.5617819428443909,1.6903698339638435
1.964873194694519,0.46354180574417114,1.9815571308135986,0.4302952289581299,2.0121657848358154,0.4274221360683441,1.8664610930195247
2.460336208343506,0.3917493224143982,2.2721152305603027,0.3560875356197357,2.3235015869140625,0.36129146814346313,2.0883098426358813
2.4361696243286133,0.41857725381851196,2.421999931335449,0.4349680542945862,2.3315672874450684,0.4001710116863251,2.423245873936808
2.1955227851867676,0.35035064816474915,2.232012987136841,0.33164694905281067,2.2665581703186035,0.42247262597084045,1.8920946026904804
2.13885498046875,0.43236207962036133,2.0464847087860107,0.4621462821960449,2.096248149871826,0.4039519727230072,1.505149978319906
2.6691737174987793,0.7561220526695251,2.656704902648926,0.7871972322463989,2.908433198928833,0.7889154553413391,2.782915040137594
0.9278134703636169,0.6112690567970276,0.8754347562789917,0.700998067855835,0.9071850776672363,0.6799020171165466,0.8325089127062363
0.9081783890724182,0.6332390904426575,0.9025342464447021,0.6173288226127625,0.9254267811775208,0.6614865064620972,0.9822712330395684
0.9005897641181946,0.6528565287590027,0.8847887516021729,0.6822929382324219,0.8944647908210754,0.5932120680809021,0.9822712330395684
1.0684648752212524,0.5906053781509399,0.9517032504081726,0.5144200325012207,0.9890592098236084,0.597672700881958,0.9800033715837464
0.9322219491004944,0.6515466570854187,0.9366053938865662,0.6816383004188538,0.9445657730102539,0.6147911548614502,0.9777236052888477
0.8922459483146667,0.6879287362098694,0.8729143142700195,0.6853955388069153,0.8943685293197632,0.5720458030700684,0.8920946026904804
0.9386361837387085,0.6700018048286438,0.9279360175132751,0.6944000720977783,1.0187703371047974,0.5013642907142639,0.7481880270062005
0.918571412563324,0.6824946999549866,0.9610002636909485,0.6326550841331482,0.9139615893363953,0.6658048629760742,0.9294189257142927
0.9553925395011902,0.6770464181900024,0.9834980964660645,0.6577433943748474,0.9020791053771973,0.681745707988739,0.8808135922807914
0.8413337469100952,0.7901012301445007,0.6731590032577515,0.7720558047294617,0.9074869155883789,0.7619847059249878,0.38021124171160603
2.2857322692871094,1.0106735229492188,2.1135952472686768,0.881419837474823,2.4209110736846924,0.8677372932434082,3.538070787043172
1.8585938215255737,0.9003758430480957,1.8760180473327637,0.8824939131736755,1.941255807876587,1.0289283990859985,3.4212747912103465
2.4272985458374023,0.8803688287734985,2.706036329269409,0.8722620010375977,2.7158827781677246,0.881697952747345,3.2990712600274095
1.9186404943466187,0.8659337162971497,1.8477617502212524,0.8873400092124939,1.9428520202636719,1.029033899307251,3.1734776434529945
-0.21802878379821777,0.7090303897857666,-0.239854097366333,0.845288872718811,-0.25597596168518066,0.8405400514602661,-0.6777807052660807
-0.09265851974487305,0.949941098690033,-0.21143758296966553,0.966419517993927,-0.26963579654693604,0.7742965817451477,-0.6575773191777937
-0.08606851100921631,0.9499285817146301,-0.20448267459869385,0.9662903547286987,-0.2971893548965454,0.8268505930900574,-0.431798275933005
-0.47898054122924805,0.7537515163421631,-0.3268088102340698,0.8425367474555969,-0.2332364320755005,0.7727183699607849,-0.09151498112135022
1.1017887592315674,0.9858341813087463,1.0902693271636963,0.8740853071212769,0.9610990881919861,0.79677814245224,0.4548448600085102
-0.30689263343811035,0.7472336888313293,-0.0951005220413208,0.9645071625709534,-0.24874699115753174,0.8374152779579163,0.3159703454569177
1.102887749671936,0.9779065251350403,1.09760320186615,0.8693137168884277,0.6779272556304932,0.8586780428886414,0.8000293592441343
0.3319488763809204,0.5862250924110413,0.35563385486602783,0.8765491247177124,0.45180022716522217,0.8419870734214783,0.6464037262230695
1.0937111377716064,0.798897922039032,1.056730031967163,0.7237240076065063,1.1077148914337158,0.8774144053459167,1.1139433523068367
1.0988683700561523,0.7712043523788452,1.0965816974639893,0.8645639419555664,1.1106387376785278,0.82683265209198,1.0969100130080565
1.0983021259307861,0.7861881256103516,1.0481706857681274,0.8612576127052307,1.1057441234588623,0.8782642483711243,1.0791812460476249
1.0967899560928345,0.8208150863647461,1.0750755071640015,0.8018752932548523,1.1005804538726807,0.8803567886352539,1.0
1.1565680503845215,0.8355585932731628,1.0289316177368164,0.8669060468673706,0.41589951515197754,0.8110193610191345,0.9956351945975499
1.1565680503845215,0.8355585932731628,1.0080374479293823,0.8974112868309021,1.0144665241241455,0.8544228672981262,0.964259630196849
2.0147147178649902,0.7708945870399475,1.6615267992019653,0.8596645593643188,2.0321555137634277,0.6987890005111694,2.7403626894942437
2.3272006511688232,0.641619861125946,1.9489022493362427,0.7494146227836609,1.7342875003814697,0.6828729510307312,2.296665190261531
2.416236162185669,0.739946186542511,1.966322898864746,0.8302004933357239,2.35170316696167,0.7037478685379028,2.361727836017593
2.345630407333374,0.7592520713806152,2.335604190826416,0.7487297654151917,2.174896001815796,0.8379250168800354,2.342422680822206
2.1988589763641357,0.8603333234786987,2.179222583770752,0.823342502117157,2.035036325454712,0.8578938245773315,2.3010299956639813
1.180725336074829,0.7342271208763123,1.0240974426269531,0.6668919324874878,1.2160604000091553,0.6654312610626221,0.8860566650649422
2.848884344100952,0.9897454380989075,3.0124220848083496,0.9082316160202026,2.993967056274414,0.8022032380104065,3.4490153163477864
2.8539271354675293,0.9899011850357056,3.0480504035949707,0.8325822949409485,3.058574914932251,0.8525227308273315,3.374381698050882
3.078185558319092,0.7781060338020325,3.1423850059509277,0.895693302154541,3.0744948387145996,0.9788405299186707,2.9965116721541785
3.2389097213745117,0.8248158097267151,3.1287848949432373,0.8957196474075317,3.012129306793213,0.8523163199424744,2.8937617620579434
3.2263269424438477,0.8249703049659729,3.0877561569213867,0.7687814831733704,3.113950490951538,0.7713741064071655,2.7307822756663893
2.9161996841430664,0.8375492095947266,2.752878427505493,0.9108440279960632,2.6510984897613525,0.8733674883842468,2.1702617153949575
1.2787617444992065,0.8743655681610107,1.3492388725280762,0.9363968372344971,1.1748106479644775,0.8064269423484802,1.3979400086720377
1.2296793460845947,0.7292605638504028,1.2476236820220947,0.7332388758659363,1.2268438339233398,0.6866929531097412,1.3424226808222062
1.3537681102752686,0.707306981086731,1.3692559003829956,0.8386191725730896,1.3299661874771118,0.5178182125091553,1.2787536009528289
1.3748058080673218,0.537804901599884,1.3276147842407227,0.660682737827301,1.336609125137329,0.4740573763847351,1.255272505103306
1.3147218227386475,0.72270667552948,1.3157018423080444,0.6930989027023315,1.302101731300354,0.7539129853248596,1.2174839442139063
1.2737245559692383,0.8799713253974915,1.1559066772460938,0.8563816547393799,1.2085374593734741,0.8704277873039246,0.5850266694009609
0.9142120480537415,0.7914711236953735,0.8091183304786682,0.8391570448875427,0.7796154618263245,0.7685235738754272,0.8750612633917001
1.1609783172607422,0.8640202879905701,1.1756069660186768,0.8985995650291443,1.1740267276763916,0.8741142153739929,1.1549019512998535
1.1432113647460938,0.86492919921875,1.146562933921814,0.9788539409637451,1.1419692039489746,0.858185350894928,1.1549019512998535
1.175128698348999,0.8494760990142822,1.2132296562194824,0.8871071338653564,1.0836107730865479,0.862364649772644,0.9586073104988301
2.762831449508667,0.5715634226799011,2.768791675567627,0.5886626243591309,2.7707972526550293,0.5342540740966797,2.806179973983887
2.7562801837921143,0.6274837851524353,2.771867275238037,0.7669243216514587,2.812574863433838,0.7450398206710815,2.792391689498254
2.7754974365234375,0.7334573268890381,2.774535655975342,0.7636064887046814,2.776771306991577,0.5428627133369446,2.7781512503836434
2.7898731231689453,0.6100512742996216,2.7983834743499756,0.5051628351211548,2.7890427112579346,0.5378478765487671,2.7781512503836434
2.7910447120666504,0.6267780661582947,2.757431983947754,0.5714756846427917,2.818016529083252,0.7492470741271973,2.7781512503836434
2.779142379760742,0.7358605265617371,2.779519557952881,0.764089047908783,2.7933874130249023,0.7408348321914673,2.7634279935629373
2.7903475761413574,0.6377266049385071,2.7675933837890625,0.7761048078536987,2.822664499282837,0.7546797394752502,2.6989700043360187
3.214339256286621,0.7808465361595154,3.4905333518981934,0.755571722984314,3.5698630809783936,0.6522468328475952,3.752893154884594
3.798234701156616,0.8537747859954834,3.7783761024475098,0.8679485321044922,3.8064470291137695,0.8595871925354004,3.752893154884594
2.813422918319702,0.7877591848373413,3.191815137863159,0.8584727048873901,3.0275020599365234,0.8416375517845154,3.450557009418329
4.002100944519043,1.004050612449646,3.696411371231079,1.0005725622177124,3.774838924407959,1.007481336593628,3.752893154884594
3.5615384578704834,0.8723449110984802,3.805492877960205,0.8966904282569885,3.7360219955444336,0.9133771657943726,3.4514794051248616
3.0742106437683105,0.8807352781295776,3.0754103660583496,0.8535666465759277,3.166489839553833,0.8639633059501648,3.3334472744967503
1.383631944656372,0.8481671214103699,1.370980978012085,0.8003892302513123,1.3675965070724487,0.8254491686820984,1.3424226808222062
1.325192928314209,0.5559722185134888,1.3400559425354004,0.4719035029411316,1.3125964403152466,0.3633885383605957,1.3222192947339193
1.2405412197113037,0.6861229538917542,1.2506903409957886,0.8062089085578918,1.251960039138794,0.5919958353042603,1.255272505103306
1.208081841468811,0.6990180015563965,1.2183300256729126,0.8286040425300598,1.2132892608642578,0.6273882985115051,1.221848758302246
1.4077479839324951,0.7342389822006226,1.400264024734497,0.8354545831680298,1.3380928039550781,0.863387942314148,1.3979400086720377
1.3425456285476685,0.6727216243743896,1.3476203680038452,0.7972633838653564,1.3411972522735596,0.665522575378418,1.3521825181113625
1.2559571266174316,0.44383352994918823,1.2571797370910645,0.7823731899261475,1.2457958459854126,0.6577431559562683,1.2430380486862944
1.2232543230056763,0.6120741963386536,1.2173750400543213,0.4518187344074249,1.2087730169296265,0.6806869506835938,1.221848758302246
1.4373540878295898,0.707348644733429,1.4394516944885254,0.7930752635002136,1.33515202999115,0.8648756742477417,1.4393326938302626
1.3566110134124756,0.6661617755889893,1.3667113780975342,0.7632673382759094,1.3669458627700806,0.482743501663208,1.380211241711606
1.2543511390686035,0.5341669321060181,1.245823621749878,0.7905714511871338,1.2427706718444824,0.5380842685699463,1.2304489213782739
1.2071077823638916,0.5740805268287659,1.2150146961212158,0.6048955917358398,1.2151774168014526,0.5391181111335754,1.221848758302246
1.4095380306243896,0.849521815776825,1.4443422555923462,0.7909942865371704,1.3209730386734009,0.8767032623291016,1.4771212547196624
1.3153166770935059,0.5289455652236938,1.3503797054290771,0.8018055558204651,1.3052122592926025,0.5987502932548523,1.3979400086720377
1.1869206428527832,0.518027126789093,1.1861953735351562,0.7983718514442444,1.1838524341583252,0.6071010828018188,1.221848758302246
1.247511625289917,0.5571750998497009,1.2576422691345215,0.5953738689422607,1.2403322458267212,0.3435085117816925,1.2041199826559248
1.2044923305511475,0.6653408408164978,1.202939510345459,0.8310666084289551,1.1945310831069946,0.6159220337867737,1.1549019512998535
1.1061266660690308,0.8657229542732239,1.084228277206421,0.8871610164642334,1.077721357345581,0.8872667551040649,0.6020599913279624
1.1061266660690308,0.8657229542732239,1.1293621063232422,1.019481897354126,1.113912582397461,0.8858307600021362,-0.22184874961635637
2.7800159454345703,0.7410807609558105,2.78494930267334,0.7753934860229492,2.802126407623291,0.7523729205131531,2.832508912706236
2.886651039123535,0.8515408039093018,2.816634178161621,0.8075377941131592,2.933993339538574,0.8555433750152588,2.814913181275074
0.8952630758285522,1.1042838096618652,1.1391563415527344,1.2021983861923218,1.0611995458602905,1.1353873014450073,2.12057393120585
1.5418553352355957,0.9212917685508728,1.1639132499694824,0.9435993432998657,1.6440609693527222,1.0671679973602295,2.694605198933569
1.6317496299743652,0.5728586912155151,1.6831583976745605,0.5676048398017883,1.6655184030532837,0.6241999864578247,1.7075701760979363
1.5288716554641724,0.4688436686992645,1.5340869426727295,0.4856259226799011,1.8112199306488037,0.461518257856369,1.3979400086720377
1.3446658849716187,0.5362723469734192,1.337728500366211,0.46904900670051575,1.2525956630706787,0.5881277918815613,1.3010299956639813
0.8723850846290588,0.5531284809112549,0.9460039734840393,0.5951248407363892,1.0341590642929077,0.4938773214817047,0.8450980400142568
1.8098474740982056,0.5403509736061096,1.9496479034423828,0.5136074423789978,1.8844751119613647,0.5667701363563538,1.9242792860618816
1.722213864326477,0.5336710810661316,1.685523509979248,0.44486305117607117,1.6543704271316528,0.5358160734176636,1.6532125137753437
1.4335031509399414,0.46900710463523865,1.4304680824279785,0.46050289273262024,1.4185726642608643,0.4608610272407532,1.4313637641589874
0.9796647429466248,0.4718461334705353,1.0450739860534668,0.5647181272506714,0.9726359844207764,0.520327627658844,0.9542425094393249
2.1701557636260986,0.42809608578681946,2.1903457641601562,0.4809110760688782,2.154171943664551,0.5363731384277344,2.167317334748176
1.9372011423110962,0.5142822265625,1.930720329284668,0.4342862069606781,1.9188053607940674,0.4828931391239166,1.919078092376074
1.6854934692382812,0.4147186577320099,1.6552397012710571,0.3833774924278259,1.6660674810409546,0.4757518172264099,1.6812412373755872
1.142484426498413,0.522645890712738,1.201621651649475,0.5236110687255859,1.1876368522644043,0.4894048869609833,1.0791812460476249
2.4840738773345947,0.4622752368450165,2.536844253540039,0.4665488600730896,2.459723949432373,0.4550310969352722,2.7067177823367587
2.273693084716797,0.49804145097732544,2.2475478649139404,0.42750442028045654,2.247378349304199,0.4050390124320984,2.155336037465062
2.0021121501922607,0.31594395637512207,2.0373611450195312,0.3989420235157013,2.038348436355591,0.4074191749095917,2.0293837776852097
1.382901668548584,0.39809030294418335,1.4474153518676758,0.4774521291255951,1.4075956344604492,0.45666611194610596,1.505149978319906
2.860358715057373,0.5386731624603271,2.9788875579833984,0.5287933945655823,2.833544969558716,0.551378607749939,3.227629649571009
2.8105826377868652,0.5321412682533264,2.7416272163391113,0.4757812023162842,2.735785961151123,0.5211743116378784,2.745855195173729
2.534691095352173,0.5176317691802979,2.4751625061035156,0.4611455500125885,2.2268552780151367,0.4431336224079132,2.361727836017593
1.850396752357483,0.5414310693740845,1.7947428226470947,0.5631359219551086,1.768890142440796,0.5507292151451111,1.7708520116421442
2.8170371055603027,0.509637176990509,2.7489540576934814,0.5272443294525146,2.662965774536133,0.5507300496101379,2.841359470454855
2.5578184127807617,0.5247199535369873,2.5327720642089844,0.5217893719673157,2.5492427349090576,0.4511651396751404,2.367355921026019
2.1924502849578857,0.48606014251708984,2.2209651470184326,0.5182572603225708,2.2334439754486084,0.509103536605835,2.2810333672477277
1.5760456323623657,0.5287735462188721,1.5941935777664185,0.4916669428348541,1.5661479234695435,0.4927012622356415,1.5563025007672873
2.5886666774749756,0.5457872748374939,2.565004825592041,0.5853433012962341,2.552133321762085,0.5764643549919128,2.4927603890268375
2.317018985748291,0.5089749693870544,2.305338144302368,0.47281166911125183,2.287916660308838,0.5182234644889832,2.187520720836463
1.953041434288025,0.49441009759902954,1.9818477630615234,0.5530408620834351,2.001138210296631,0.5041729211807251,2.130333768495006
1.4804134368896484,0.5507215261459351,1.4319320917129517,0.5946085453033447,1.4933820962905884,0.576958179473877,1.3010299956639813
1.6263982057571411,0.8691707253456116,1.5121017694473267,0.7818266153335571,1.5036983489990234,0.7784404158592224,1.568201724066995
1.4984838962554932,0.8185416460037231,1.595579743385315,0.8531480431556702,1.5048396587371826,0.8549839854240417,1.6434526666158582
1.7002109289169312,0.8679201602935791,1.7225539684295654,0.8232828378677368,1.7085288763046265,0.8578775525093079,1.8129133700057625
1.6585403680801392,0.8752819895744324,1.7095298767089844,0.8683806657791138,1.7471296787261963,0.8093519806861877,1.75587484805329
1.69783616065979,0.8468196988105774,1.6598049402236938,0.8236955404281616,1.6367443799972534,0.8545145392417908,1.6989700043360187
1.6521997451782227,0.8323051333427429,1.6440571546554565,0.8326916694641113,1.6372450590133667,0.8404372930526733,1.5910645958907432
1.6422758102416992,0.8656894564628601,1.60163152217865,0.8507806062698364,1.6242339611053467,0.8084967136383057,1.3010299956639813
1.4929866790771484,0.8184035420417786,1.4074965715408325,0.845691978931427,1.396719217300415,0.8403428792953491,1.6020599913279625
1.5830692052841187,0.8691001534461975,1.3283129930496216,0.8736956715583801,1.3162925243377686,0.8442472219467163,1.5563025007672873
1.3214900493621826,0.7238015532493591,1.2471163272857666,0.7568641304969788,1.3797705173492432,0.7993547916412354,1.5563025007672873
1.7126251459121704,1.0772802829742432,1.6825717687606812,1.0531326532363892,1.444495439529419,1.0363913774490356,1.462397997898956
1.32353675365448,1.0313769578933716,1.404034972190857,1.076851487159729,1.3076140880584717,1.0616873502731323,1.4771212547196624
1.3858015537261963,1.164742350578308,1.4025770425796509,1.0714622735977173,1.1802432537078857,1.040652871131897,1.4913616938342726
1.612417221069336,0.9528792500495911,1.595671534538269,0.8938948512077332,1.6305664777755737,0.7472385168075562,1.6989700043360187
1.6805477142333984,0.5094307065010071,1.635520100593567,0.8486707210540771,1.6834458112716675,0.7305389642715454,1.6812412373755872
1.655316710472107,0.9254806637763977,1.604241132736206,0.7441215515136719,1.670013666152954,0.9071288704872131,1.6334684555795866
1.531872272491455,0.6213439106941223,1.521159052848816,1.0694719552993774,1.5325202941894531,0.7658355236053467,1.5563025007672873
1.61300528049469,0.9507267475128174,1.4981625080108643,1.0820040702819824,1.5978403091430664,0.9536024332046509,1.505149978319906
1.5739474296569824,0.9635442495346069,1.5248786211013794,0.772222638130188,1.5541783571243286,0.9665087461471558,1.3424226808222062
1.3258050680160522,1.0552167892456055,1.1786082983016968,1.2583591938018799,1.1572884321212769,1.0592008829116821,1.5185139398778875
1.1331636905670166,0.8852042555809021,1.1250429153442383,0.886993408203125,1.0972528457641602,0.8623524308204651,1.0
1.122300386428833,0.7598783373832703,1.1025800704956055,0.9425180554389954,1.1065971851348877,0.7051820755004883,1.187520720836463
1.1257742643356323,0.7034552693367004,1.136366605758667,0.6902116537094116,1.1209635734558105,0.7596982717514038,1.1139433523068367
1.1551519632339478,0.7598451375961304,1.169356107711792,0.7838225364685059,1.1763842105865479,0.7659058570861816,1.021189299069938
1.0581673383712769,0.9213457703590393,1.07490873336792,0.9342437386512756,1.0756523609161377,0.7501404881477356,1.1760912590556813
1.0444796085357666,0.9220392107963562,1.0921761989593506,0.9385747313499451,1.0471644401550293,0.9009716510772705,1.146128035678238
1.073887586593628,0.745360791683197,1.0622477531433105,0.7840151190757751,1.0274149179458618,0.9069384932518005,1.1139433523068367
1.1379109621047974,0.7140013575553894,1.1081770658493042,0.9479323625564575,1.1408865451812744,0.6890015602111816,0.9542425094393249
1.1230688095092773,0.8655900955200195,1.1851894855499268,1.0188618898391724,1.1625124216079712,0.8850197792053223,1.5314789170422551
1.1268537044525146,0.8856799006462097,1.1565890312194824,0.8598668575286865,1.064937949180603,1.0267900228500366,1.5228787409373927
1.8643372058868408,0.8867142796516418,1.8528273105621338,0.8602226376533508,1.90780770778656,0.8880414366722107,1.9542425094393248
1.3580275774002075,0.8364156484603882,1.3320324420928955,0.8257161974906921,1.365570068359375,0.8462919592857361,1.5831987739686226
1.5382481813430786,0.8219770193099976,1.5060539245605469,0.9776166081428528,1.5453118085861206,0.835733950138092,1.3617278360175928
1.1425100564956665,0.8591066598892212,1.100913643836975,0.8289659023284912,1.1220169067382812,0.9530424475669861,1.3263358609287514
1.0298779010772705,0.8590344786643982,0.9882834553718567,0.862138032913208,1.0659801959991455,0.9249776601791382,1.2810333672477277
1.2358009815216064,0.872511625289917,1.2121018171310425,0.8691042065620422,1.2884572744369507,0.8560015559196472,1.221848758302246
1.0210964679718018,0.8529677987098694,0.9745208024978638,0.8875167369842529,1.11965012550354,0.8556016087532043,1.1549019512998535
1.0497902631759644,0.8693965673446655,1.0263781547546387,1.0007363557815552,1.036565899848938,0.9936614632606506,1.1139433523068367
1.3231734037399292,0.820368230342865,1.2862129211425781,0.8614179491996765,1.311637282371521,0.834455668926239,1.0969100130080565
1.0120112895965576,0.8565182089805603,1.2264366149902344,0.8944949507713318,1.133603572845459,0.8330351710319519,0.9777236052888477
1.0739567279815674,0.8563112616539001,1.0907701253890991,0.8621490001678467,1.1564226150512695,0.8480643630027771,0.9777236052888477
0.953475296497345,0.8920923471450806,0.9991773366928101,0.8699266314506531,1.0119221210479736,0.8595759272575378,0.8860566650649422
0.8193051218986511,0.8808948397636414,0.8119272589683533,0.8439186215400696,0.8415531516075134,0.9360417723655701,0.8860566650649422
1.6306158304214478,0.8166258335113525,1.587984323501587,0.897820234298706,1.8825830221176147,0.8407210111618042,1.568201724066995
1.3399205207824707,0.4525379240512848,1.3098206520080566,0.785955548286438,1.3189564943313599,0.7214033603668213,1.568201724066995
1.224916934967041,0.5361921787261963,1.2748167514801025,0.44366157054901123,1.2533161640167236,0.5449016690254211,1.462397997898956
1.1004798412322998,0.6491588950157166,1.1331167221069336,0.7815950512886047,1.182182788848877,0.44653549790382385,1.3424226808222062
0.9531930088996887,0.5501910448074341,0.9680337309837341,0.4518986940383911,1.0070477724075317,0.7203388214111328,1.146128035678238
1.7127066850662231,0.9002695083618164,1.7101114988327026,0.8542460799217224,1.8545513153076172,0.8606740236282349,1.3424226808222062
1.3316136598587036,0.4519023597240448,1.4073837995529175,0.6572365164756775,1.2823739051818848,0.7183155417442322,1.3010299956639813
1.2174749374389648,0.39402520656585693,1.1766867637634277,0.7810888886451721,1.230309247970581,0.40611958503723145,1.2787536009528289
1.0994031429290771,0.6437479853630066,1.090672254562378,0.44960057735443115,1.1566053628921509,0.5512688159942627,1.0
1.181279182434082,0.5893470048904419,1.1019866466522217,0.6424475908279419,1.0493714809417725,0.4647735059261322,0.7781512503836436
0.9471101760864258,1.0485023260116577,0.958594024181366,1.264603853225708,0.8907878994941711,1.21522855758667,1.414973347970818
0.9619499444961548,0.641477644443512,0.9284955859184265,0.8408030867576599,0.777585506439209,0.7020081281661987,0.9542425094393249
0.7634131908416748,0.7936958074569702,0.9054659605026245,0.8778290748596191,0.8721414804458618,0.9279693961143494,0.9030899869919435
0.9904994368553162,0.8010852932929993,0.7423202991485596,0.5507075190544128,0.7534244060516357,0.9267503619194031,0.47712125471966244
0.9531600475311279,0.806916356086731,0.7563542127609253,0.8861052989959717,0.6939666867256165,0.5199440121650696,0.3010299956639812
1.6548974514007568,1.3416625261306763,1.5789152383804321,1.3507330417633057,1.4962493181228638,1.1439073085784912,0.47712125471966244
1.886410117149353,0.9607416987419128,1.8732304573059082,0.8801266551017761,1.8592218160629272,0.8759225010871887,2.0
1.6239758729934692,0.8396433591842651,1.538735270500183,0.7660293579101562,1.616539478302002,0.6764774918556213,1.6989700043360187
1.5186467170715332,0.8606228232383728,1.5199309587478638,0.850279688835144,1.5142991542816162,0.8644886612892151,1.5228787409373927
2.0194873809814453,0.8656901717185974,2.026629686355591,0.8656225800514221,2.00917911529541,0.8807598948478699,2.0
1.7888667583465576,0.8351632356643677,1.777177095413208,0.8675732612609863,1.472306251525879,0.8460553884506226,1.6989700043360187
1.7152085304260254,0.7407301068305969,1.6337239742279053,0.7458733320236206,1.6972918510437012,0.6437357068061829,1.6989700043360187
1.6546974182128906,0.8365271091461182,1.6576616764068604,0.9814721345901489,1.4029064178466797,0.8598378300666809,2.0
1.8664377927780151,0.8151324391365051,1.8632075786590576,0.7928050756454468,1.8614342212677002,0.855134129524231,2.0
1.6132668256759644,0.8075215816497803,1.6084702014923096,0.7954899668693542,1.5879335403442383,0.7819440960884094,1.6989700043360187
1.8919410705566406,0.8006293773651123,1.9124078750610352,0.8169286847114563,1.9225142002105713,0.8419846296310425,2.0
1.9411470890045166,0.815453052520752,1.9325642585754395,0.8111202120780945,1.96945321559906,0.8508443832397461,2.0
1.9552574157714844,0.7920703291893005,1.9488537311553955,0.8544623255729675,1.9893341064453125,0.8387255668640137,2.0
1.8302046060562134,0.8217877149581909,1.8251579999923706,0.817276656627655,1.8962323665618896,0.8071699142456055,2.0
0.5980097055435181,0.712248682975769,0.673949122428894,0.6715745329856873,0.6054438352584839,0.572919487953186,0.9542425094393249
1.3928289413452148,0.8160224556922913,1.254859447479248,0.8172032833099365,1.4781757593154907,0.9232795238494873,0.6989700043360189
1.163503885269165,0.7616654634475708,1.3564271926879883,0.6914596557617188,1.3716946840286255,0.7647062540054321,1.0
0.7806575298309326,0.5881339907646179,0.8388144373893738,0.717619001865387,0.806503415107727,0.5362657308578491,0.7481880270062005
1.3388521671295166,0.5507594347000122,1.3367884159088135,0.6109467148780823,1.3296267986297607,0.6706845760345459,1.6989700043360187
0.906603991985321,0.5194565653800964,0.8897979855537415,0.5773869156837463,0.9141734838485718,0.6196324229240417,0.7403626894942439
1.507880687713623,0.7438362836837769,1.5084800720214844,0.7998140454292297,1.5402734279632568,0.9210194945335388,2.0969100130080562
1.0876410007476807,0.7420463562011719,1.058042287826538,0.6846094727516174,1.0132741928100586,0.6297904849052429,0.8750612633917001
2.2967746257781982,0.853626549243927,1.8230928182601929,0.7420026063919067,2.27846097946167,0.8013837337493896,2.0969100130080562
1.7656702995300293,0.8615623712539673,1.5050281286239624,0.8072426319122314,1.171218991279602,0.827292799949646,1.0
1.576660394668579,0.9010093212127686,1.2336980104446411,0.7468453645706177,1.2047171592712402,0.7856850624084473,0.3010299956639812
1.5879853963851929,0.8985323905944824,0.8608746528625488,0.8234457969665527,0.8381938934326172,0.783586859703064,1.0
1.113781213760376,0.8053416609764099,1.0566967725753784,0.8228617310523987,1.1278245449066162,0.7877360582351685,1.3010299956639813
1.2430766820907593,0.7676977515220642,1.062153935432434,0.8595892190933228,1.2242363691329956,0.7875961661338806,1.9542425094393248
2.1717281341552734,0.8678931593894958,1.8097615242004395,0.8605339527130127,1.8495051860809326,0.6358824968338013,2.6989700043360187
2.1202621459960938,0.8722947835922241,2.193284034729004,0.8777889013290405,2.1385202407836914,0.8822583556175232,3.0398105541483504
2.949904680252075,0.7102572917938232,2.9036989212036133,0.7142735719680786,2.9531471729278564,0.6837298274040222,2.9565237915936438
2.5950000286102295,0.717409074306488,2.6940622329711914,0.640925407409668,2.6088082790374756,0.6467199325561523,2.70687133673295
3.1421456336975098,0.6896122694015503,3.153330087661743,0.666175365447998,3.166680335998535,0.6884626746177673,3.076086756743291
2.706408739089966,0.6331058144569397,2.726188898086548,0.6097994446754456,2.6695785522460938,0.5429071187973022,2.814274238747904
3.2338573932647705,0.6551340222358704,3.1764607429504395,0.649824321269989,3.2854108810424805,0.603654146194458,3.3586960995738107
2.764906406402588,0.47822561860084534,2.741535186767578,0.5451828837394714,2.6976022720336914,0.46492499113082886,2.78801273285574
2.341245412826538,0.48079705238342285,2.4209489822387695,0.4403049945831299,2.1493422985076904,0.5374469757080078,2.462368045522524
3.25187349319458,0.678412914276123,3.154747486114502,0.6372005343437195,3.1866812705993652,0.6781843900680542,3.20652095363069
2.7520906925201416,0.4390982389450073,2.6165695190429688,0.5083791017532349,2.467954158782959,0.5207449793815613,2.8374369137301994
2.6146531105041504,0.41783958673477173,2.565753221511841,0.42347270250320435,2.595060348510742,0.42983269691467285,2.741939077729199
2.7830846309661865,0.4523121118545532,2.6984448432922363,0.5177539587020874,2.760056972503662,0.4487804174423218,3.0
2.860311269760132,0.48699963092803955,3.0033349990844727,0.4815307557582855,2.948179244995117,0.51137375831604,2.9354820739988465
3.158290147781372,0.8664542436599731,3.011714458465576,0.8586592078208923,2.8788914680480957,0.8460420966148376,3.141305507230986
2.615321159362793,0.8117575645446777,2.50374174118042,0.7463338971138,2.6835949420928955,0.8471453189849854,2.7483431044875495
2.177920341491699,0.8957656025886536,2.075645923614502,0.9313079118728638,2.178929328918457,0.8953247666358948,2.8609366207000937
2.35629940032959,0.8141480088233948,2.3455557823181152,0.8910055756568909,2.3390767574310303,0.8085298538208008,2.530711837981657
2.396045446395874,0.8159018158912659,2.378396511077881,0.8091320395469666,2.3776628971099854,0.8153456449508667,2.373095987078727
2.2817344665527344,0.8142961859703064,2.314265489578247,0.8083804845809937,2.315276622772217,0.8213146924972534,2.2641091563058082
1.1969038248062134,0.8355346322059631,1.061173677444458,0.8822339177131653,1.1701778173446655,0.8629140257835388,1.5228787409373927
1.060768723487854,0.9975346326828003,1.0786020755767822,0.8332971930503845,1.1384203433990479,0.9886412024497986,1.1549019512998535
1.460422158241272,0.8605741858482361,1.5030266046524048,0.9857867360115051,1.3846362829208374,0.8545563817024231,1.0
1.128093957901001,0.8591599464416504,0.9850966334342957,0.9012841582298279,0.9380553364753723,1.0074951648712158,0.7695510829646709
1.3184641599655151,0.8608776330947876,1.262033224105835,0.8814706802368164,1.4218086004257202,0.8531831502914429,1.6989700043360187
1.439139485359192,0.9935684204101562,1.6278632879257202,0.9861868023872375,1.5166832208633423,0.8635499477386475,1.3010299956639813
1.106203556060791,0.8602126240730286,1.2992703914642334,0.8248205780982971,1.2598310708999634,0.8540476560592651,1.221848758302246
1.0901446342468262,0.858909010887146,0.882323682308197,0.8666998744010925,0.8063764572143555,0.8756368160247803,0.8860566650649422
1.228461742401123,0.6205748319625854,1.1926480531692505,0.67939692735672,1.19600248336792,0.6731880307197571,1.221848758302246
1.160010814666748,0.5105258226394653,1.1426315307617188,0.5344075560569763,1.1561354398727417,0.5542575716972351,1.1549019512998535
1.0980324745178223,0.39660903811454773,1.0682857036590576,0.45050349831581116,1.0729860067367554,0.4073876440525055,1.0969100130080565
1.0068809986114502,0.41326865553855896,0.9809994101524353,0.4869668483734131,1.0289890766143799,0.4305821657180786,1.0
0.9227766990661621,0.5772906541824341,0.9085178375244141,0.5811577439308167,0.8301946520805359,0.6503452062606812,0.9586073104988301
1.2119288444519043,0.6916595697402954,1.1745423078536987,0.6537010669708252,1.1824003458023071,0.6488261222839355,1.221848758302246
1.1571319103240967,0.4433806240558624,1.1496745347976685,0.4826354682445526,1.151352882385254,0.6496999859809875,1.0969100130080565
1.06312894821167,0.3992791473865509,1.0510964393615723,0.288252055644989,1.0533385276794434,0.341413676738739,1.0457574862177303
0.9793752431869507,0.4289715588092804,0.9720221161842346,0.37144213914871216,0.9762791395187378,0.36666572093963623,1.0
0.9164333343505859,0.5462945103645325,0.911588728427887,0.5102967619895935,0.9470177888870239,0.5519264936447144,0.9208187365805955
1.1660547256469727,0.626997172832489,1.1921536922454834,0.672432541847229,1.1617753505706787,0.6597645878791809,1.1549019512998535
1.127049207687378,0.5020386576652527,1.1222281455993652,0.541256844997406,1.1186299324035645,0.5003881454467773,1.0969100130080565
1.0358736515045166,0.3829626441001892,1.0362374782562256,0.4321552813053131,1.0512199401855469,0.42739084362983704,1.0457574862177303
0.9104974269866943,0.6315668225288391,0.8887826204299927,0.5574596524238586,0.7984722852706909,0.673673689365387,0.9586073104988301
0.9915842413902283,0.4156830310821533,0.9726368188858032,0.4145083427429199,0.9897663593292236,0.4594231843948364,0.9586073104988301
1.4978644847869873,0.8824543952941895,1.536633014678955,0.8514010906219482,1.791133165359497,0.8744441866874695,1.6384892569546374
1.4167760610580444,0.8837775588035583,1.5124914646148682,0.8802981376647949,1.3084256649017334,0.8590136766433716,1.6334684555795866
1.4779213666915894,0.9912880659103394,1.26670241355896,0.9178051352500916,1.1820366382598877,0.8859639167785645,1.6232492903979006
1.1046833992004395,0.8992437720298767,1.1209272146224976,0.8601598739624023,1.1211235523223877,0.8708826899528503,1.579783608045612
1.1474554538726807,0.8649975657463074,1.1099493503570557,0.8602882027626038,1.1224024295806885,0.8869028091430664,1.5563025007672873
2.105743408203125,0.9523351192474365,2.1430060863494873,0.8692168593406677,2.1453402042388916,0.8322705626487732,2.0170333392987803
2.038151741027832,0.8446659445762634,2.1042487621307373,0.8478479981422424,2.1473453044891357,0.9412998557090759,2.103803720955957
2.0695254802703857,0.8430045247077942,2.120288848876953,0.8101709485054016,2.146190643310547,0.8201451897621155,2.2095150145426308
2.5592288970947266,0.845745861530304,2.5190608501434326,0.8558603525161743,2.5459978580474854,0.8687335252761841,2.3873898263387296
1.8055987358093262,0.5265160799026489,2.2287559509277344,0.5915576219558716,2.4410507678985596,0.604494035243988,1.6720978579357175
1.9443873167037964,0.6109403371810913,1.7788876295089722,0.6128042340278625,2.4887866973876953,0.6532476544380188,1.4771212547196624
1.7046575546264648,0.6036327481269836,1.9422659873962402,0.6240349411964417,1.7234704494476318,0.5555587410926819,0.9030899869919435
2.05269455909729,0.5865889191627502,2.128037214279175,0.563881516456604,2.5637640953063965,0.6720895171165466,1.7781512503836436
2.2087655067443848,0.8303354978561401,2.1715357303619385,0.8731420636177063,2.054429054260254,0.7589336037635803,2.2174839442139063
2.183061122894287,0.8257909417152405,2.2481865882873535,0.8216081857681274,2.1907436847686768,0.69584059715271,2.204119982655925
0.3725358247756958,0.574009895324707,0.4237966537475586,0.738209068775177,0.3807023763656616,0.7604971528053284,0.09691001300805642
0.32733166217803955,0.7286702394485474,0.33992040157318115,0.7515805959701538,0.32215583324432373,0.7283858060836792,0.3010299956639812
0.35810887813568115,0.7237563133239746,0.3440765142440796,0.697543203830719,0.3228764533996582,0.6914927363395691,0.47712125471966244
0.38383162021636963,0.6752694249153137,0.32065021991729736,0.7328252792358398,0.39674198627471924,0.7137174010276794,0.47712125471966244
0.49938058853149414,0.7154142260551453,0.3411515951156616,0.7292754650115967,0.5369977951049805,0.7468531727790833,0.4623979978989561
0.5232944488525391,0.690375030040741,0.456683874130249,0.7251813411712646,0.6052242517471313,0.7051857113838196,0.8129133566428556
0.9897451400756836,0.7566227316856384,0.9585262537002563,0.7483369708061218,1.038053274154663,0.6399663686752319,0.9586073104988301
0.9399286508560181,0.689257025718689,0.9545996189117432,0.7388362884521484,0.9515318274497986,0.7611396312713623,0.9777236052888477
0.9642261266708374,0.7153118252754211,0.9684532284736633,0.7351890802383423,0.9630162715911865,0.7523308992385864,1.0
0.9699779152870178,0.7141026854515076,0.9749979376792908,0.7018364667892456,0.9756662249565125,0.6783209443092346,1.0
0.9774227738380432,0.7248579263687134,0.9864883422851562,0.6683029532432556,0.9988948702812195,0.689975380897522,0.9586073104988301
0.9877039194107056,0.7453148365020752,0.9937724471092224,0.7410624623298645,1.0951423645019531,0.7740721106529236,0.9586073104988301
1.0298540592193604,0.785993218421936,1.0352667570114136,0.7911673188209534,1.1319568157196045,0.7900056838989258,0.9586073104988301
1.1056921482086182,0.8479809165000916,1.0691940784454346,0.8808326721191406,1.062105417251587,1.0139960050582886,1.0530784434834197
1.700938105583191,0.4783465564250946,1.4693642854690552,0.4896746575832367,1.3936933279037476,0.45196112990379333,1.041392685158225
0.7417646646499634,0.5261094570159912,0.740494430065155,0.5312317609786987,0.7563726902008057,0.5353160500526428,0.13353890837021754
1.7204209566116333,0.47347936034202576,1.5972267389297485,0.4426151514053345,1.3842357397079468,0.5166721343994141,1.2151085810530933
0.5354330539703369,0.5056906938552856,0.6272200345993042,0.610923171043396,0.5588418245315552,0.5077487230300903,0.7339992865383869
1.4327073097229004,0.4710956811904907,1.4956003427505493,0.40976831316947937,1.4499874114990234,0.5073551535606384,1.4581844355702627
0.6591073274612427,0.4983865022659302,0.6323227882385254,0.4854157567024231,0.6193816661834717,0.4420495629310608,0.7339992865383869
1.5705645084381104,0.45016971230506897,1.4936184883117676,0.47478818893432617,1.6018329858779907,0.4904482066631317,1.948950610245548
0.8606409430503845,0.4939773678779602,0.8477633595466614,0.49724796414375305,0.8605830073356628,0.4418548047542572,0.9100905455940682
1.96181321144104,0.432463139295578,1.7937791347503662,0.4640825092792511,1.8617225885391235,0.41332903504371643,2.232919911693493
0.8894208669662476,0.4759537875652313,0.9270325899124146,0.5948285460472107,0.983762264251709,0.4735814034938812,1.0350292822023681
2.463824510574341,0.53243088722229,2.369180202484131,0.5072023868560791,1.652950406074524,0.43300163745880127,2.4260555824839303
1.5729793310165405,0.6140199899673462,1.3044013977050781,0.4896278381347656,1.22295081615448,0.5419753789901733,1.2460059040760292
2.5882391929626465,0.870492696762085,2.596065044403076,0.7407276630401611,1.8220937252044678,0.45912235975265503,2.503368436197436
2.2511017322540283,0.8899006247520447,1.8190407752990723,0.7029297947883606,1.9556736946105957,0.7591997385025024,1.5122840632818535
2.1176185607910156,1.0051634311676025,2.0502498149871826,1.0197088718414307,2.1792497634887695,0.5691261887550354,2.583176094813449
0.8921125531196594,1.0182836055755615,0.9507272839546204,1.1374036073684692,1.0594978332519531,1.29218327999115,0.6812412373755872
0.8938246369361877,1.1139557361602783,0.9150353670120239,1.0783144235610962,1.0687565803527832,1.2911810874938965,0.7481880270062005
1.0984859466552734,1.0696065425872803,1.0905137062072754,1.0356470346450806,0.8136904239654541,1.1529141664505005,0.9294189257142927
0.9487422704696655,0.9760726690292358,0.8802781701087952,1.073922872543335,0.9240270853042603,1.0004373788833618,0.5910646070264992
0.7202025055885315,0.9479462504386902,0.6104644536972046,1.0490895509719849,0.48296844959259033,1.157684326171875,0.414973347970818
0.5349975824356079,1.0312594175338745,0.5968279838562012,1.0402281284332275,0.598556637763977,1.1386826038360596,0.43136376415898736
0.9357801079750061,1.0271800756454468,0.9322134256362915,1.0190232992172241,0.8136904239654541,1.1529141664505005,1.1038037209559568
0.8938246369361877,1.1139557361602783,0.887097179889679,1.252398133277893,0.8831031918525696,0.9644450545310974,0.9294189257142927
0.8824208974838257,1.0884339809417725,0.9507272839546204,1.1374036073684692,0.9242568612098694,1.000464677810669,0.8195439355418687
3.455404281616211,0.7591268420219421,3.204577922821045,0.7433525323867798,2.9456934928894043,0.6755875945091248,2.091139153825755
1.1256656646728516,0.8438761234283447,1.1338764429092407,0.9114529490470886,1.1236408948898315,0.8539255857467651,1.7664128471123994
1.7426427602767944,1.0046460628509521,1.7339539527893066,0.868687629699707,1.7279456853866577,0.8679570555686951,1.1271047983648077
1.8535488843917847,0.900385856628418,1.8723245859146118,1.0203237533569336,1.9085440635681152,0.8880460858345032,1.5440680443502757
1.2009392976760864,0.9131454229354858,1.2488675117492676,0.9014313220977783,0.5466668605804443,0.9348823428153992,0.9731278535996987
1.721847653388977,0.9339100122451782,1.783463716506958,1.0184401273727417,1.608726978302002,0.9286367297172546,2.342422680822206
2.2235240936279297,0.7108420133590698,2.3530802726745605,0.6427186131477356,2.261262893676758,0.6941661238670349,1.6020599913279625
2.2279577255249023,0.6429913640022278,1.9935609102249146,0.6670836806297302,2.3438475131988525,0.5341192483901978,2.342422680822206
2.448970079421997,0.5704299807548523,2.209181308746338,0.629446804523468,2.4596784114837646,0.5371083617210388,2.6989700043360187
2.690676689147949,0.5584754347801208,3.0946521759033203,0.6108092069625854,3.1234617233276367,0.6970094442367554,2.9030899869919438
2.940009593963623,0.7789783477783203,2.817776679992676,0.6801457405090332,2.8872525691986084,0.5391320586204529,2.3010299956639813
2.225414276123047,1.1653354167938232,2.3800647258758545,1.1691503524780273,2.0653910636901855,1.028328776359558,2.495821753385906
2.653987407684326,0.5279979109764099,2.5977864265441895,0.5193661451339722,2.7557308673858643,0.4671756327152252,2.6532125137753435
2.72694730758667,0.5059964656829834,2.703070640563965,0.49359771609306335,2.6953859329223633,0.4890659749507904,2.7781512503836434
2.6897923946380615,0.49767205119132996,2.705252170562744,0.518138587474823,2.6576426029205322,0.4715558588504791,2.7781512503836434
2.686960220336914,0.5524886250495911,2.7034106254577637,0.5187806487083435,2.7055068016052246,0.5558276772499084,2.716003343634799
2.6960864067077637,0.47575846314430237,2.706815242767334,0.5178088545799255,2.7941360473632812,0.4232235550880432,2.6627578316815743
2.7194268703460693,0.5054173469543457,2.7069215774536133,0.4932050406932831,2.7938337326049805,0.4233652949333191,2.5440680443502757
2.3793437480926514,0.40717849135398865,2.479907512664795,0.46935486793518066,2.4538791179656982,0.4801799952983856,2.3010299956639813
2.746931552886963,0.5001945495605469,2.7520954608917236,0.5791125893592834,2.71653413772583,0.47703176736831665,2.845098040014257
2.742096424102783,0.5450387001037598,2.767062187194824,0.6382769346237183,2.7873919010162354,0.515906810760498,2.8512583487190755
2.6291346549987793,0.6502234935760498,2.6596648693084717,0.515514075756073,2.6513290405273438,0.5777513384819031,2.8756399370041685
3.55454158782959,0.7521291375160217,3.537404775619507,0.7597863078117371,3.384269952774048,0.7352626323699951,3.3010299956639813
3.2059125900268555,0.6941050887107849,3.3480172157287598,0.7413514256477356,3.369184732437134,0.7640550136566162,3.845098040014257
3.2899155616760254,0.706425130367279,3.568114757537842,0.7447962164878845,3.5686230659484863,0.7444258332252502,3.57978359661681
3.4894165992736816,0.7730286717414856,3.5131874084472656,0.7729160785675049,3.500457286834717,0.796733021736145,3.4471580313422194
1.774075984954834,0.48353731632232666,1.7380651235580444,0.8024258017539978,1.7080022096633911,0.7581425309181213,2.3010299956639813
1.7884533405303955,0.6049565076828003,1.7714276313781738,0.5177294015884399,1.7630399465560913,0.6591823101043701,2.1760912590556813
1.7634090185165405,0.6886934041976929,1.7035369873046875,0.8059476613998413,1.723597526550293,0.7676693201065063,2.0
1.786344289779663,0.6886721253395081,1.780124306678772,0.6452771425247192,1.6866788864135742,0.761814534664154,2.0
1.7838294506072998,0.6200549006462097,1.764439582824707,0.6519466638565063,1.8160948753356934,0.5220263600349426,1.6989700043360187
1.833418369293213,0.46388015151023865,1.6892831325531006,0.8122258186340332,1.721123218536377,0.7805861234664917,1.6020599913279625
1.7648197412490845,0.6221305727958679,1.751570701599121,0.5423361659049988,1.8186181783676147,0.52021723985672,1.6020599913279625
1.7406569719314575,0.6891686320304871,1.7603181600570679,0.6020687222480774,1.7166295051574707,0.6623477935791016,1.591064607026499
1.775129795074463,0.4287470579147339,1.7832024097442627,0.6425597071647644,1.7098381519317627,0.7602464556694031,1.5797835966168101
1.747119665145874,0.4840666949748993,1.7388871908187866,0.5159777402877808,1.6972888708114624,0.7582354545593262,1.568201724066995
1.762696385383606,0.6891257166862488,1.7963347434997559,0.6469710469245911,1.7832913398742676,0.5102885961532593,1.5563025007672873
1.7882747650146484,0.43091076612472534,1.7226710319519043,0.8104107975959778,1.775799036026001,0.6688610911369324,1.5440680443502757
0.39946699142456055,0.7898613214492798,0.2560274600982666,0.8936994671821594,0.3584861755371094,0.9992555975914001,0.07918124604762482
0.33235108852386475,0.7840886116027832,0.1647171974182129,0.8455725908279419,0.17745614051818848,0.8703509569168091,0.20411998265592482
0.25770020484924316,0.9243640899658203,0.26526105403900146,0.9111006855964661,0.3629199266433716,0.9991563558578491,0.2304489213782739
0.3182945251464844,0.8804791569709778,0.333251953125,0.84663987159729,0.305391788482666,0.8531343340873718,0.25527250510330607
0.47820615768432617,0.7940775752067566,0.6723659634590149,0.8498930931091309,0.5410192012786865,0.8515877723693848,0.5440680443502757
1.264969825744629,0.6530080437660217,1.2981175184249878,0.906292736530304,1.3107407093048096,0.7067621946334839,1.4771212547196624
1.4341011047363281,0.7509105205535889,1.2666642665863037,0.9049044251441956,1.4036890268325806,0.679959237575531,1.2041199826559248
0.7535912990570068,0.7458201050758362,0.795961320400238,0.8737063407897949,0.6845956444740295,0.7373848557472229,0.8450980400142568
0.5227280855178833,0.7669363021850586,0.9117310643196106,0.8658247590065002,0.5773674249649048,0.7831571102142334,0.6627578316815741
0.905670702457428,0.6677481532096863,0.8740085363388062,0.7565891742706299,0.8535662889480591,0.7604081630706787,0.6020599913279624
0.6672379374504089,0.8178077936172485,0.8892149925231934,0.8650479912757874,0.6050753593444824,0.7381457090377808,0.47712125471966244
1.4851588010787964,0.7042631506919861,1.4257134199142456,0.6430968642234802,1.4343432188034058,0.5922127962112427,1.2304489213782739
1.1682653427124023,0.38426077365875244,1.1769263744354248,0.43197545409202576,1.2084249258041382,0.47823798656463623,1.2041199826559248
1.1341626644134521,0.6514332294464111,1.133188247680664,0.6712392568588257,1.1163363456726074,0.5814754366874695,1.1139433523068367
1.1919288635253906,0.42478621006011963,1.1686158180236816,0.58697110414505,1.1970175504684448,0.5483455657958984,1.1139433523068367
0.6478583216667175,0.8239569067955017,0.6382869482040405,0.8043421506881714,0.6454691290855408,0.9798035621643066,0.505149978319906
1.520738959312439,0.698878824710846,1.4188249111175537,0.6719704270362854,1.4337517023086548,0.5331548452377319,1.4313637641589874
1.2241628170013428,0.4052644968032837,1.2261178493499756,0.43083223700523376,1.2422828674316406,0.49253517389297485,1.2304489213782739
1.2749888896942139,0.5291526317596436,1.236406683921814,0.3968935012817383,1.2598607540130615,0.45998072624206543,1.2174839442139063
1.1795989274978638,0.5256908535957336,1.1760849952697754,0.665802001953125,1.1822209358215332,0.6596130132675171,1.1643528557844371
0.6693857908248901,0.7317476868629456,0.658999502658844,0.8128668069839478,0.6647430658340454,0.8409509062767029,0.5797835966168101
1.454361081123352,0.5629516839981079,1.4596233367919922,0.6015216112136841,1.4505386352539062,0.6056178212165833,1.568201724066995
1.274773120880127,0.4952583611011505,1.2535839080810547,0.5782194137573242,1.2867932319641113,0.3747290074825287,1.380211241711606
1.3256373405456543,0.5257498621940613,1.2742133140563965,0.5493245124816895,1.303725004196167,0.527724027633667,1.250420002308894
1.2248008251190186,0.6389133334159851,1.2110614776611328,0.5694118738174438,1.221482753753662,0.6603623032569885,1.2148438480476977
0.7098053693771362,0.8237308263778687,0.6814492344856262,0.8463324308395386,0.7251594066619873,0.9796577095985413,0.6989700043360189
1.4752193689346313,0.5420563817024231,1.5549944639205933,0.6369383335113525,1.5184930562973022,0.6544073224067688,1.5797835966168101
1.3140352964401245,0.4096517562866211,1.294510841369629,0.5835840702056885,1.3401122093200684,0.5013250112533569,1.4771212547196624
1.2683011293411255,0.6436081528663635,1.2597404718399048,0.6666921973228455,1.258412480354309,0.6653865575790405,1.255272505103306
1.3736296892166138,0.5298342704772949,1.3593388795852661,0.4299280047416687,1.3657644987106323,0.4656190276145935,1.250420002308894
0.6736273169517517,0.8404145240783691,0.7386407256126404,0.8467841744422913,0.7501359581947327,0.8442184925079346,0.8450980400142568
1.5095932483673096,0.5527896881103516,1.5563777685165405,0.5854483842849731,1.5677626132965088,0.6269273161888123,1.6334684555795866
1.3916980028152466,0.448140025138855,1.3860864639282227,0.47647279500961304,1.3659203052520752,0.509057343006134,1.4471580313422192
1.2761821746826172,0.6280800104141235,1.2848726511001587,0.5428699851036072,1.2919881343841553,0.6743301749229431,1.3010299956639813
1.4161092042922974,0.4099287986755371,1.4039803743362427,0.4446941614151001,1.4172426462173462,0.49175238609313965,1.2922560713564761
0.7097555994987488,0.8412243723869324,0.8042349815368652,0.8171563744544983,0.8118842244148254,0.9821915626525879,0.8920946026904804
2.8111486434936523,0.8404952883720398,2.994912624359131,0.7971334457397461,2.7208352088928223,0.8245701789855957,2.6989700043360187
2.904303550720215,0.6515730023384094,2.8843941688537598,0.8123486042022705,2.9010634422302246,0.6572874188423157,3.0
3.1981749534606934,0.7501128911972046,3.331998825073242,0.8064284324645996,3.2927603721618652,0.7148264646530151,3.3979400086720375
3.3458447456359863,0.6868811845779419,3.3087544441223145,0.8027086853981018,3.322852849960327,0.6036889553070068,3.255272505103306
3.1781387329101562,0.7435646653175354,3.226590156555176,0.8735828399658203,3.2158055305480957,0.6985170841217041,3.4771212547196626
3.298809051513672,0.6838697195053101,3.2706727981567383,0.8002534508705139,3.2484235763549805,0.7028810381889343,3.1760912590556813
3.149597644805908,0.7430127859115601,3.210109233856201,0.7667161226272583,3.2250828742980957,0.5974000096321106,3.146128035678238
3.148902177810669,0.8443903923034668,3.1242117881774902,0.8746302127838135,3.109088897705078,0.704624593257904,3.0791812460476247
3.0869154930114746,0.8232446908950806,3.0436384677886963,0.7910230755805969,3.060173511505127,0.7690536379814148,3.041392685158225
2.521908760070801,0.8782405257225037,3.108062744140625,0.8858218193054199,2.484520435333252,0.8658956289291382,3.9030899869919438
1.298304796218872,0.5998824238777161,1.2918188571929932,0.8531517386436462,0.988532304763794,0.7719187140464783,1.6989700043360187
1.9371792078018188,0.6371928453445435,1.8230667114257812,0.4773520529270172,1.8795572519302368,0.6138443946838379,1.0457574862177303
2.044188976287842,0.5475282073020935,1.6823643445968628,0.4032888114452362,1.947770357131958,0.5362762212753296,2.0
1.849931001663208,0.4920630156993866,1.669800877571106,0.7816300392150879,1.6932951211929321,0.5348832607269287,2.0
1.767733097076416,0.32769685983657837,1.7816789150238037,0.3397768437862396,1.7646173238754272,0.4067230522632599,1.9586073152760695
1.7298141717910767,0.43294593691825867,1.9217157363891602,0.4401152431964874,1.8769665956497192,0.4607204794883728,1.6989700043360187
1.6178772449493408,0.4491117000579834,1.7480601072311401,0.7830392122268677,1.7181686162948608,0.4137853682041168,1.9208187522151972
1.5123792886734009,0.5061632990837097,1.774088978767395,0.815227210521698,1.85781991481781,0.5486900210380554,1.6989700043360187
1.7122281789779663,0.5347554087638855,1.7878491878509521,0.8609863519668579,1.85459303855896,0.6313197016716003,1.3979400086720377
1.8201861381530762,0.6040943264961243,1.8937740325927734,0.6499765515327454,1.7971937656402588,0.617871880531311,1.221848758302246
2.372573137283325,0.8060043454170227,2.3369457721710205,0.9348146319389343,2.3813133239746094,0.8414268493652344,2.57978359661681
2.433018922805786,0.8927799463272095,2.423840045928955,0.83665531873703,2.4280567169189453,0.8281595706939697,2.380211241711606
2.4232370853424072,0.8280497789382935,2.39969539642334,0.9520397186279297,2.4175233840942383,0.8444069027900696,2.3010299956639813
2.4068851470947266,0.836438775062561,2.450259208679199,0.966133177280426,2.449300765991211,0.8476530909538269,2.278753600952829
2.594362258911133,0.708753764629364,2.427375078201294,0.5573927760124207,2.4191055297851562,0.5699273943901062,2.278753600952829
2.5544614791870117,0.6421738862991333,2.4993419647216797,0.3701859414577484,2.498849630355835,0.3191223442554474,2.278753600952829
2.407883405685425,0.30462026596069336,2.580509662628174,0.6448848247528076,2.5058984756469727,0.7114486694335938,2.278753600952829
2.538764715194702,0.28700631856918335,2.5981533527374268,0.33227115869522095,2.543055534362793,0.35309627652168274,2.3010299956639813
2.605907917022705,0.7067530751228333,2.5527148246765137,0.30056190490722656,2.466132879257202,0.5573854446411133,2.3010299956639813
2.569988489151001,0.7175302505493164,2.6102309226989746,0.644293487071991,2.538968086242676,0.7110491991043091,2.3010299956639813
2.6019673347473145,0.6505511999130249,2.5396296977996826,0.6397055983543396,2.5722153186798096,0.7067394852638245,2.4771212547196626
2.6571130752563477,0.7064439058303833,2.575472116470337,0.608133852481842,2.589190721511841,0.28413906693458557,2.4771212547196626
2.6190121173858643,0.7172617316246033,2.6166558265686035,0.39854106307029724,2.6270089149475098,0.32537341117858887,2.4771212547196626
2.5617923736572266,0.2844341993331909,2.603067398071289,0.6394397020339966,2.6421873569488525,0.7067062258720398,2.845098040014257
2.638575315475464,0.6404746174812317,2.617088794708252,0.544264554977417,2.714705467224121,0.5558278560638428,2.845098040014257
2.6244161128997803,0.3012319505214691,2.572094440460205,0.5592540502548218,2.6743545532226562,0.5695263743400574,2.845098040014257
2.668372392654419,0.2928561866283417,2.5721826553344727,0.6237654685974121,2.65989351272583,0.323868066072464,3.0791812460476247
2.7413086891174316,0.2514824867248535,2.713042974472046,0.5469682216644287,2.567866802215576,0.3556777536869049,3.0791812460476247
2.712904453277588,0.7178094387054443,2.654909610748291,0.33846455812454224,2.758610248565674,0.7112342119216919,3.0791812460476247
1.9419680833816528,0.9574894309043884,1.6828900575637817,0.9217002987861633,1.7582000494003296,0.9350704550743103,2.5409548089261325
1.0925829410552979,0.8395460247993469,1.1565150022506714,1.0515820980072021,0.945010244846344,1.0821729898452759,0.9542425094393249
0.6802799701690674,1.026029348373413,0.6158449649810791,0.802375078201294,0.6848781108856201,0.8290168046951294,0.9030899869919435
0.6436465978622437,0.8929857015609741,0.5021524429321289,0.8065982460975647,0.6241003274917603,0.8740081191062927,0.6627578316815741
0.7412267327308655,0.8585758805274963,0.7463727593421936,0.8657762408256531,0.7617877721786499,1.081847906112671,0.38021124171160603
1.295660376548767,0.7073605060577393,1.2688462734222412,0.8434697985649109,1.2821600437164307,0.8048424124717712,1.4313637641589874
1.2927793264389038,0.8057102560997009,1.2912158966064453,0.8211813569068909,1.2609143257141113,0.8255823254585266,1.414973347970818
1.2772328853607178,0.7249103784561157,1.2645642757415771,0.8488367199897766,1.2631460428237915,0.8121450543403625,1.380211241711606
1.253243088722229,0.808961033821106,1.2281274795532227,0.8435869812965393,1.1873271465301514,0.8269222974777222,1.3617278360175928
1.2632594108581543,0.8056294322013855,1.2992342710494995,0.7564277052879333,1.2763715982437134,0.746213436126709,1.255272505103306
1.314724326133728,0.807475745677948,1.3234233856201172,0.8329865336418152,1.309625267982483,0.9500150084495544,1.2304489213782739
1.2251914739608765,0.8107766509056091,1.3435678482055664,0.8360875248908997,1.1744037866592407,0.8267771601676941,1.2041199826559248
1.260233759880066,0.7246622443199158,1.3605339527130127,0.7693286538124084,1.3668830394744873,0.8270343542098999,1.1760912590556813
1.268856406211853,0.7185797095298767,1.3189688920974731,0.841031014919281,1.263688564300537,0.799108624458313,1.041392685158225
3.0276994705200195,0.8242306113243103,3.042156219482422,0.8586466908454895,3.0586633682250977,0.8584591150283813,3.0927206446840994
2.5758330821990967,0.8632931709289551,2.5514724254608154,0.8453195691108704,2.612516403198242,0.855343759059906,3.015778756389041
2.851484775543213,0.8344998359680176,2.859463691711426,0.8294534683227539,2.8155393600463867,0.945115864276886,2.8603380065709936
2.7511706352233887,0.8374439477920532,2.741170883178711,0.85210120677948,2.738393783569336,0.810674250125885,2.7481880270062002
2.4738781452178955,0.9550443887710571,2.429384469985962,0.8573117256164551,2.431753158569336,0.8665379881858826,2.6434526764861874
2.386808395385742,0.8460522294044495,2.4797275066375732,0.9134124517440796,2.463508367538452,0.8632047772407532,3.0170333392987803
3.055624485015869,0.9948969483375549,3.0745818614959717,0.840973973274231,3.048095941543579,0.8311633467674255,3.0073209529227447
2.916254758834839,0.8343815207481384,2.932161808013916,0.8546730875968933,2.952385663986206,0.8210898041725159,2.912753303671323
2.8454079627990723,0.9926713109016418,2.7249948978424072,0.8546700477600098,2.840505599975586,0.8373604416847229,2.857935264719429
2.523585319519043,0.82762211561203,2.4562289714813232,0.8673309683799744,2.6044270992279053,0.993841826915741,2.8457180179666586
3.0412168502807617,0.815470278263092,3.0526533126831055,0.9746518135070801,3.0549089908599854,0.836063027381897,3.0195316845312554
2.479457378387451,0.895922839641571,2.8608670234680176,0.8758699297904968,2.873380184173584,0.853493332862854,2.919601023784111
2.3277792930603027,0.8994174599647522,2.8205983638763428,0.9652194976806641,2.814403533935547,0.9923062920570374,2.8129133566428557
2.0956506729125977,0.9046965837478638,2.498277425765991,0.858405590057373,2.557669162750244,0.8482233881950378,2.7693773260761385
2.5016517639160156,0.8729346990585327,2.486311435699463,0.8758230209350586,2.4876062870025635,0.867712140083313,3.0034605321095067
0.9640311598777771,0.7494096159934998,0.92556232213974,0.7163193225860596,0.9009106755256653,0.7371365427970886,1.0
0.9012153148651123,0.7486331462860107,0.9014951586723328,0.5545319318771362,0.9874695539474487,0.685186505317688,0.8450980400142568
0.8492223620414734,0.5579180717468262,0.8703503012657166,0.7818725109100342,0.837679922580719,0.6404520869255066,0.7781512503836436
0.8183558583259583,0.7537111043930054,0.8259114623069763,0.7860917448997498,0.7921772599220276,0.7399603724479675,0.7160033436347992
0.7809512615203857,0.47906050086021423,0.7820309400558472,0.5964520573616028,0.8500782251358032,0.7143203020095825,0.6989700043360189
0.9994978904724121,0.6992659568786621,0.9673284292221069,0.7749919891357422,0.9210188388824463,0.7292636036872864,1.0
1.0500507354736328,0.7156835198402405,0.9820194244384766,0.5728917717933655,1.0838323831558228,0.688859224319458,1.0
1.1183220148086548,0.7503982186317444,1.0677447319030762,0.7398481369018555,1.0833733081817627,0.6474159359931946,1.0
1.2612645626068115,0.6302280426025391,1.261608600616455,0.615522563457489,1.2543624639511108,0.7584298849105835,1.3010299956639813
1.2472810745239258,0.7384505271911621,1.2474894523620605,0.6154373288154602,1.2223211526870728,0.6113057136535645,1.3010299956639813
1.2853740453720093,0.6259301900863647,1.2733395099639893,0.7310600876808167,1.2473974227905273,0.628150999546051,1.3010299956639813
1.3249425888061523,0.6229326725006104,1.2941755056381226,0.6579755544662476,1.3009164333343506,0.7209799885749817,1.3010299956639813
2.0382494926452637,0.8435688614845276,2.059189558029175,0.8446295857429504,2.066232204437256,0.8286291360855103,2.1760912590556813
2.1148197650909424,0.7387694120407104,2.10614275932312,0.7396231293678284,1.9084430932998657,0.6960903406143188,2.041392685158225
2.0677881240844727,0.8073462843894958,2.0562689304351807,0.8060703873634338,2.0417256355285645,0.8247197270393372,2.041392685158225
2.013122797012329,0.8201693892478943,2.0099611282348633,0.8001482486724854,1.8857972621917725,0.739983320236206,2.0
2.876936197280884,0.7965236306190491,2.8732552528381348,0.8718546032905579,2.9213738441467285,0.994428277015686,3.0569048513364727
2.9743425846099854,0.9995337724685669,2.9799060821533203,0.8940404653549194,2.9832403659820557,0.7665132284164429,2.9542425094393248
2.9277429580688477,0.7924342155456543,2.9318747520446777,1.003255844116211,2.942817211151123,0.8438737392425537,2.9138138523837167
2.832345485687256,0.8880698680877686,2.8455770015716553,0.8717440962791443,2.860384464263916,0.9947757720947266,2.8750612633917
1.9830830097198486,0.9626693725585938,1.7111434936523438,0.9686322212219238,2.1096272468566895,0.9134461879730225,2.971275848738105
1.8906950950622559,1.114963173866272,2.009275436401367,1.1496936082839966,1.7875361442565918,0.9870027303695679,1.5998830720736879
1.8615553379058838,0.9373937845230103,1.6350395679473877,0.9647547006607056,2.4835004806518555,0.7761033177375793,2.8943160626844384
1.7349988222122192,0.9495365023612976,1.5074796676635742,1.0830378532409668,2.3259692192077637,1.025879979133606,1.4727564493172123
2.4117610454559326,0.7544292211532593,2.311676025390625,0.8433438539505005,2.4524765014648438,0.7447817325592041,2.5899496013257077
2.0522027015686035,0.9069339036941528,2.2465507984161377,0.9408944845199585,1.950593113899231,0.9111160635948181,1.4578818967339924
1.9163414239883423,0.6843639612197876,1.9344466924667358,0.6959528923034668,1.9107091426849365,0.5546855926513672,2.204119982655925
0.991607666015625,0.6208256483078003,1.2043441534042358,0.5762165784835815,1.5532076358795166,0.5137408971786499,2.0791812460476247
1.904410719871521,0.684016227722168,1.9634147882461548,0.6201311945915222,1.9001572132110596,0.5532832145690918,2.0569048513364727
1.9950027465820312,0.6489074230194092,1.9293065071105957,0.6958314776420593,1.979705810546875,0.69793301820755,2.0
0.957625687122345,0.8345425128936768,0.9153322577476501,0.7964896559715271,1.456392765045166,0.8179097771644592,2.0
2.0406124591827393,0.6616472005844116,2.022493362426758,0.6758405566215515,2.061389446258545,0.7009405493736267,1.9777236052888478
1.961098551750183,0.61210697889328,1.9266754388809204,0.6959556341171265,2.0553247928619385,0.6834449768066406,1.9030899869919435
1.8532674312591553,0.9003767967224121,1.915248155593872,0.9226634502410889,1.9042577743530273,0.886726438999176,1.7781512503836436
1.9052214622497559,1.018062710762024,1.881529450416565,0.8869520425796509,2.100391387939453,0.8873822093009949,1.7634279935629373
2.0028138160705566,0.6315315365791321,2.0005409717559814,0.667911171913147,2.040783643722534,0.6837770342826843,1.6989700043360187
2.001917839050293,0.8594047427177429,1.8253562450408936,0.9994906783103943,1.779969334602356,0.9256044030189514,1.3010299956639813
1.981500267982483,0.5222330093383789,2.051208257675171,0.6322665810585022,2.0103111267089844,0.5915504097938538,0.6020599913279624
3.7253220081329346,0.7528381943702698,3.615665912628174,0.8795914053916931,3.711702823638916,0.8515936732292175,3.6532125137753435
3.561422348022461,0.8325387239456177,3.4832377433776855,0.8366212844848633,3.5548250675201416,0.9413608312606812,3.5563025007672873
3.333695411682129,0.8608593344688416,3.236375331878662,0.7976482510566711,3.262453317642212,0.5980122089385986,3.505149978319906
2.8128676414489746,0.7049327492713928,2.3951187133789062,0.7541190981864929,2.8653464317321777,0.8457759022712708,3.4771212547196626
2.7884860038757324,0.8622017502784729,1.8059897422790527,0.7605923414230347,2.1256628036499023,0.833391010761261,3.4471580313422194
2.109112501144409,0.9641766548156738,2.123162269592285,0.5755595564842224,2.059990167617798,0.8469811081886292,1.591064607026499
1.3759363889694214,0.7786914706230164,1.3000905513763428,0.7888494729995728,1.5994393825531006,0.848641574382782,1.4913616938342726
1.2267552614212036,0.7522574067115784,1.1034224033355713,0.8071396350860596,1.1468290090560913,0.9350458979606628,1.3010299956639813
2.7884860038757324,0.8622017502784729,3.1197028160095215,0.8796091675758362,3.133294105529785,0.9424945116043091,1.3010299956639813
1.1828373670578003,0.868127167224884,1.117002010345459,0.8915645480155945,1.2677255868911743,0.8541133999824524,1.0
0.4630826711654663,0.7501076459884644,0.44540464878082275,0.7507616281509399,0.6614335179328918,0.7700901627540588,0.7403626894942439
0.6298227310180664,1.0845342874526978,0.6085726022720337,0.985261857509613,0.6598761081695557,0.946036696434021,0.7923916894982539
0.7946600914001465,0.9491474628448486,0.7663645148277283,0.9402021169662476,0.7800201773643494,0.9516785144805908,0.6627578316815741
0.6845550537109375,0.9332399368286133,0.7773147821426392,0.9810361862182617,0.7059988379478455,0.9618450403213501,0.3222192947339193
1.9328693151474,0.8859468698501587,1.929848551750183,0.9129413962364197,1.920935869216919,0.8789573311805725,1.9294189257142929
1.9299542903900146,0.8100986480712891,1.9238090515136719,0.838083803653717,1.9315521717071533,1.0043320655822754,1.9294189257142929
1.9328693151474,0.8859468698501587,1.929848551750183,0.9129413366317749,1.920935869216919,0.8789573311805725,1.9294189257142929
1.9299309253692627,0.8001598715782166,1.9238090515136719,0.8380840420722961,1.9315521717071533,1.0043320655822754,1.9294189257142929
0.8626071214675903,0.8134723901748657,0.8628606200218201,0.860586941242218,0.8885519504547119,0.9619289636611938,0.7160033436347992
0.7252815365791321,0.8713407516479492,0.7731174826622009,0.8412084579467773,0.7718944549560547,0.8545408248901367,0.7781512503836436
0.7242321968078613,0.8709239363670349,0.7381167411804199,0.8175749182701111,0.7511992454528809,0.8330556154251099,0.8325089127062363
1.0861327648162842,0.843458890914917,1.1012616157531738,0.8671187162399292,1.0702416896820068,0.863409698009491,0.8750612633917001
0.7574010491371155,0.8717183470726013,0.7649744153022766,0.8191708922386169,0.8209531307220459,0.8365364670753479,0.8450980400142568
0.7962702512741089,0.8518003821372986,0.7705141305923462,0.9857467412948608,0.7900394797325134,0.8558483719825745,0.7923916894982539
1.3100436925888062,0.8932181000709534,1.2362251281738281,0.8457496762275696,1.1138889789581299,0.8519388437271118,0.7781512503836436
0.9643442630767822,0.8261545300483704,0.7150486707687378,0.87688809633255,0.7297142744064331,0.8596837520599365,0.7781512503836436
1.2682135105133057,0.8704872131347656,0.9539778828620911,0.9887263178825378,1.2923531532287598,0.8591918349266052,0.6989700043360189
1.8313621282577515,0.8497937321662903,1.5333958864212036,1.0139466524124146,1.8714207410812378,0.8626540303230286,0.9030899869919435
1.8920291662216187,0.8659746050834656,1.875770092010498,0.8824979066848755,1.89946711063385,0.8867496252059937,1.041392685158225
1.1969363689422607,1.2040090560913086,1.0474393367767334,1.116703748703003,1.4326088428497314,1.1136651039123535,1.4771212547196624
1.4755438566207886,1.0961437225341797,1.5482584238052368,1.2320233583450317,1.3836616277694702,1.1173052787780762,0.8450980400142568
1.7215609550476074,0.782164990901947,1.6984800100326538,0.4781781733036041,1.7018429040908813,0.7977574467658997,1.662757831681574
1.7485178709030151,0.5906434059143066,1.7096713781356812,0.8050116896629333,1.732150912284851,0.7046206593513489,1.6989700043360187
1.934370517730713,0.692760705947876,1.874613642692566,0.6015107035636902,1.895281195640564,0.6867321133613586,2.041392685158225
1.8876599073410034,1.0106407403945923,1.8909870386123657,0.7812967896461487,1.8665227890014648,0.7657108902931213,1.9030899869919435
1.796034336090088,0.6316998600959778,1.8033190965652466,0.5623270273208618,1.7659049034118652,0.6455811262130737,1.7403626894942439
1.6924505233764648,1.0151748657226562,1.713753342628479,0.59866863489151,1.725109577178955,0.6678332686424255,1.6532125137753437
1.8666330575942993,1.0178678035736084,1.8242168426513672,0.7899472713470459,1.8466976881027222,0.7000475525856018,1.845098040014257
1.9303216934204102,1.058364987373352,1.870664119720459,0.8431570529937744,1.940999984741211,0.8209628462791443,2.0086001717619175
1.1437569856643677,0.6722837686538696,1.1464574337005615,0.7088195085525513,1.1219799518585205,0.7556197643280029,1.0
0.7361450791358948,0.8120808005332947,0.7490741014480591,0.8200516700744629,0.6800758242607117,0.8080236911773682,0.6020599913279624
1.1133391857147217,0.772394061088562,1.4657986164093018,0.8334469795227051,1.6373502016067505,0.8381893038749695,0.3010299956639812
1.3602403402328491,0.6457226276397705,1.511335849761963,0.8332105875015259,1.1616692543029785,0.5329385995864868,0.6989700043360189
1.1858288049697876,0.8333145976066589,1.1663532257080078,0.821979820728302,1.0587248802185059,0.817832887172699,1.3010299956639813
1.2315285205841064,0.8164606690406799,1.2470653057098389,0.8046546578407288,1.1908308267593384,0.7971312999725342,1.0
0.7541764378547668,0.8763654232025146,0.7587132453918457,0.8656846284866333,0.7367852926254272,0.7540536522865295,0.6020599913279624
1.1726224422454834,0.6987146139144897,1.1289926767349243,0.6659553647041321,1.130244255065918,0.7800945043563843,1.6989700043360187
1.5014317035675049,0.6302308440208435,1.3880635499954224,0.66321861743927,1.4325308799743652,0.7803969383239746,2.0
1.3130125999450684,0.7063277363777161,1.3129976987838745,0.8364095091819763,1.2466434240341187,0.8162773251533508,1.4771212547196624
0.7117831110954285,0.7855291962623596,0.7080910801887512,0.9199406504631042,0.6691281795501709,0.8032111525535583,0.8450980400142568
1.6686668395996094,0.69813472032547,1.4754432439804077,0.8519672751426697,1.7688438892364502,0.8374985456466675,2.3010299956639813
2.598907709121704,0.680196225643158,1.8061891794204712,0.8558059334754944,2.7000226974487305,0.8044102787971497,2.4771212547196626
1.9678819179534912,0.8373982310295105,2.0847058296203613,0.730207622051239,1.966772198677063,0.6829445958137512,1.6989700043360187
0.8451608419418335,0.87319415807724,0.8543965816497803,0.8652632236480713,0.7230075597763062,0.8086417317390442,0.9030899869919435
3.5043599605560303,0.8496457934379578,3.047797203063965,0.8500377535820007,2.6101372241973877,0.8551502227783203,2.7781512503836434
1.3210874795913696,0.878898024559021,1.3297721147537231,0.8295170664787292,1.2169675827026367,0.821269690990448,1.0
0.3960214853286743,1.1303013563156128,-0.035970330238342285,1.1621590852737427,0.3814905881881714,1.0374356508255005,0.724275869600789
1.4730488061904907,0.9858577847480774,1.3721920251846313,0.9895746111869812,1.316792368888855,0.9585421085357666,0.8363241157067517
0.12911701202392578,1.0201462507247925,0.1387079954147339,1.0714271068572998,0.12909555435180664,1.0577917098999023,0.7745169657285496
0.9251914024353027,1.0272083282470703,0.5471861362457275,1.0078481435775757,0.5205748081207275,1.0007178783416748,0.5786392099680724
0.3606898784637451,0.6867380738258362,0.3615586757659912,0.7385001182556152,0.38503050804138184,0.6640564203262329,0.3222192947339193
0.3338451385498047,0.7943896055221558,0.3949460983276367,0.821911633014679,0.3866894245147705,0.8399702310562134,0.31806333496276157
0.313700795173645,0.7469937205314636,0.397269606590271,0.788125216960907,0.29459071159362793,0.7771140933036804,0.3010299956639812
0.3844054937362671,0.8563950657844543,0.3566840887069702,0.7998862266540527,0.39721691608428955,0.853708028793335,0.3010299956639812
0.426921010017395,0.803077220916748,0.4173797369003296,0.8417186737060547,0.374133825302124,0.8619009256362915,0.2764618041732441
0.35185205936431885,0.8584983348846436,0.3466426134109497,0.839195966720581,0.35816121101379395,0.7592310905456543,0.25527250510330607
0.37699759006500244,0.652961790561676,0.36842048168182373,0.8826900124549866,0.4092363119125366,0.8241004347801208,0.3010299956639812
0.3674168586730957,0.8363114595413208,0.37113821506500244,0.8190192580223083,0.36364197731018066,0.8607532978057861,0.25527250510330607
0.32625269889831543,0.637258768081665,0.38208281993865967,0.789173424243927,0.3512721061706543,0.8116613626480103,0.20411998265592482
0.28951525688171387,0.626754105091095,0.33707618713378906,0.8673783540725708,0.36310040950775146,0.7993564009666443,0.36172783601759284
0.2821444272994995,0.753934919834137,0.2624332904815674,0.7760829925537109,0.2823648452758789,0.8292996883392334,0.3222192947339193
0.2694491147994995,0.8227866291999817,0.3537294864654541,0.778161346912384,0.25512778759002686,0.7469776272773743,0.28330122870354957
0.27984023094177246,0.6214728951454163,0.28978657722473145,0.7420132160186768,0.29673266410827637,0.7821496725082397,0.38021124171160603
0.26951849460601807,0.6086214184761047,0.24546337127685547,0.7362449169158936,0.2529712915420532,0.7876867651939392,0.3424226808222063
0.2811713218688965,0.7896080017089844,0.2749810218811035,0.8306891322135925,0.28647100925445557,0.8574860095977783,0.3222192947339193
0.2672067880630493,0.7520166039466858,0.28215789794921875,0.7916547060012817,0.288547158241272,0.845698893070221,0.3222192947339193
0.2522745132446289,0.8369306325912476,0.2607487440109253,0.7787665128707886,0.2510092258453369,0.8453657627105713,0.2787536009528289
0.24604547023773193,0.9848809242248535,0.26082825660705566,0.8652414083480835,0.2254265546798706,0.8120731115341187,0.2787536009528289
0.32273125648498535,0.8359924554824829,0.3645894527435303,0.817185640335083,0.3590632677078247,0.8314794898033142,0.2787536009528289
0.3931676149368286,0.7433220744132996,0.3880774974822998,0.8117029070854187,0.3880413770675659,0.7499265074729919,0.2787536009528289
0.3397703170776367,0.8303750157356262,0.3597642183303833,0.7820460200309753,0.28722333908081055,0.7952783107757568,0.26951294421791633
0.3019763231277466,0.755370020866394,0.27439236640930176,0.793003261089325,0.36131834983825684,0.7532728314399719,0.3222192947339193
0.2208195924758911,0.8232508897781372,0.4346369504928589,0.8463737964630127,0.5459326505661011,0.850470244884491,0.2576785748691845
0.30326223373413086,0.7842137217521667,0.31019365787506104,0.7749907374382019,0.3119823932647705,0.7954350113868713,0.23552844690754893
0.2750030755996704,0.8444963097572327,0.2714705467224121,0.7423757314682007,0.278179407119751,0.8601180911064148,0.23552844690754893
0.23052561283111572,0.8515221476554871,0.3006068468093872,0.8444612622261047,0.232751727104187,0.8841553926467896,0.2304489213782739
0.4661555290222168,0.8505058884620667,0.4902491569519043,0.8647785186767578,0.3585249185562134,0.8661513924598694,0.20411998265592482
0.3759349584579468,0.8806511163711548,0.40528154373168945,0.8666152358055115,0.41206204891204834,0.8739677667617798,0.2304489213782739
0.4465939998626709,0.8435892462730408,0.4090780019760132,0.8710314035415649,0.31748974323272705,0.8099742531776428,0.2304489213782739
0.8726375102996826,0.8641553521156311,0.8804054260253906,0.8822228312492371,0.8993022441864014,0.8634247183799744,0.20411998265592482
0.3774094581604004,0.8474594354629517,0.344343900680542,0.8672967553138733,0.3423299789428711,0.8751504421234131,0.1931245983544616
0.30505406856536865,0.978928804397583,0.3302828073501587,0.885454535484314,0.3588143587112427,0.8766881823539734,0.18184358794477254
0.4439048767089844,1.002515196800232,1.0021159648895264,0.8861818313598633,0.8063085079193115,0.8822411298751831,0.146128035678238
2.5694262981414795,1.0483736991882324,3.2137932777404785,0.9707926511764526,3.192445755004883,0.9864035248756409,3.566555330883055
2.607837200164795,1.0578656196594238,3.426689624786377,1.1069257259368896,3.5242466926574707,1.0441570281982422,3.3991543339582164
2.1929049491882324,0.944008469581604,1.99894380569458,1.0255016088485718,2.098128318786621,1.0106619596481323,2.2814878879400813
1.8425378799438477,1.241206407546997,1.8037197589874268,1.0745339393615723,1.9366700649261475,1.0836427211761475,1.4183012913197455
0.2160855531692505,0.7911126613616943,0.32355570793151855,0.7205427289009094,0.22419118881225586,0.6721677780151367,0.146128035678238
0.24959707260131836,0.7888897061347961,0.3057974576950073,0.7096439599990845,0.2199842929840088,0.8128863573074341,0.25527250510330607
0.33990049362182617,0.5712098479270935,0.3472409248352051,0.7196841835975647,0.3449084758758545,0.5694682002067566,0.146128035678238
0.2193678617477417,0.5106507539749146,0.34363222122192383,0.7153651714324951,0.19102168083190918,0.8129702210426331,0.17609125905568124
0.24485325813293457,0.6221827864646912,0.24256694316864014,0.6519439220428467,0.34642529487609863,0.3901515603065491,0.3424226808222063
0.3412967920303345,0.510898232460022,0.34163498878479004,0.6312694549560547,0.3716658353805542,0.5514141321182251,0.25527250510330607
0.21998226642608643,0.6240164637565613,0.3853139877319336,0.7074295878410339,0.21602249145507812,0.8098341822624207,0.2304489213782739
0.3271385431289673,0.531650185585022,0.29453325271606445,0.6937391757965088,0.2755366563796997,0.8076419830322266,0.4471580313422192
0.3757331371307373,0.786832332611084,0.4020763635635376,0.5082905888557434,0.3614894151687622,0.809240996837616,0.38021124171160603
0.4542572498321533,0.6853496432304382,0.48447465896606445,0.7039914131164551,0.5427297353744507,0.5670816898345947,0.25527250510330607
0.4134495258331299,0.6092819571495056,0.3983501195907593,0.6905398964881897,0.39337730407714844,0.8058223724365234,0.6434526764861874
0.5062689781188965,0.787553608417511,0.49112117290496826,0.663487434387207,0.5301836729049683,0.662320613861084,0.6434526764861874
0.6722344756126404,0.6092759966850281,0.699701726436615,0.7072253823280334,0.8246446847915649,0.7591513991355896,0.3424226808222063
0.5932940244674683,0.8117344379425049,0.5795503854751587,0.7444551587104797,0.5864787101745605,0.8218720555305481,0.7923916894982539
0.7970319390296936,0.7777487635612488,0.7442153692245483,0.7460789084434509,0.7588127851486206,0.7367376685142517,0.7634279935629373
0.8672730922698975,0.8580489158630371,0.8584015369415283,0.8681083917617798,0.8531113266944885,0.854172945022583,0.38021124171160603
0.8546950221061707,0.8573062419891357,0.8471552729606628,0.8668473958969116,0.6114227771759033,0.8332269787788391,0.8325089127062363
0.7649164199829102,0.9112759232521057,0.7977802753448486,0.9576447010040283,0.8350655436515808,0.788108229637146,0.8325089127062363
0.8937183618545532,0.8607837557792664,0.8806450963020325,0.7701928615570068,0.8735232949256897,0.8549324870109558,0.47712125471966244
0.5197107791900635,0.8498936295509338,0.5078654289245605,0.854941725730896,0.6945928931236267,0.80708247423172,0.8573324964312685
0.5415488481521606,0.8512670993804932,0.5246257781982422,0.8571991324424744,0.8655023574829102,0.8551716208457947,0.9030899869919435
1.531154751777649,0.9383285045623779,1.5292117595672607,0.9790732264518738,1.4735825061798096,0.7667275667190552,1.3010299956639813
1.4394638538360596,0.8057616949081421,1.4723824262619019,0.8491666913032532,1.4374929666519165,0.804556131362915,1.4771212547196624
1.5079869031906128,0.7835065126419067,1.5598454475402832,0.7730445265769958,1.586294174194336,0.7306187152862549,1.6020599913279625
1.6715941429138184,0.7779737710952759,1.7034584283828735,0.7589764595031738,1.705646276473999,0.7938412427902222,1.7781512503836436
1.536650538444519,0.7762383222579956,1.603531837463379,0.8103584051132202,1.5289463996887207,0.7417277693748474,1.3010299956639813
1.4747668504714966,0.7888861894607544,1.6949695348739624,0.807256817817688,1.4712809324264526,0.804974377155304,1.6020599913279625
1.821668028831482,0.9353753328323364,1.8531696796417236,0.9793899059295654,1.8094639778137207,0.8177035450935364,2.0791812460476247
1.7233669757843018,0.9426820278167725,1.8955219984054565,0.8089819550514221,1.6885416507720947,0.850846529006958,1.7781512503836436
2.0962367057800293,0.8755913376808167,2.1908488273620605,0.9969292879104614,2.0077569484710693,0.8690697550773621,2.0644579892269186
1.9320343732833862,0.8759551644325256,2.0489883422851562,0.9956897497177124,1.8610860109329224,0.8677831888198853,1.9777236052888478
2.0667293071746826,1.003186821937561,1.8225873708724976,0.8873844146728516,2.0804059505462646,0.8672334551811218,2.342422680822206
2.1907711029052734,0.8966723084449768,1.8218103647232056,0.8873851895332336,2.2188587188720703,0.8845685124397278,2.146128035678238
0.7584472298622131,0.8857650756835938,0.7603559494018555,0.9104410409927368,0.7896815538406372,0.8900752067565918,0.6020599913279624
0.7683752179145813,1.0656561851501465,0.7813292741775513,1.0067386627197266,0.7897288799285889,0.8877328634262085,0.6989700043360189
0.9736194014549255,0.7960829138755798,0.9208477139472961,0.9987617135047913,0.8135857582092285,0.8387494683265686,1.0
1.3985813856124878,0.7985512614250183,1.4661368131637573,0.7779846787452698,1.285178780555725,0.7890753149986267,1.4771212547196624
2.372549295425415,0.815639317035675,2.539823293685913,0.9234946966171265,2.442458152770996,0.9187432527542114,2.0
2.3077337741851807,1.0711461305618286,2.006354331970215,1.0269707441329956,2.3049674034118652,0.9107158780097961,2.7781512503836434
2.626250743865967,1.0682405233383179,1.9948928356170654,1.0294528007507324,2.6051058769226074,0.8997251987457275,2.3010299956639813
2.3317999839782715,0.7465571761131287,1.929821252822876,1.0454015731811523,1.806758165359497,0.7503626346588135,3.0
0.3998839855194092,0.6197826862335205,0.4071965217590332,0.7200408577919006,0.3915516138076782,0.8926969170570374,0.42324587393680785
0.3819011449813843,0.49438366293907166,0.3590611219406128,0.6405236721038818,0.4523317813873291,0.47145599126815796,0.42324587393680785
0.4682586193084717,0.6099846363067627,0.4950922727584839,0.6008058190345764,0.47848737239837646,0.7565284371376038,0.414973347970818
0.4489469528198242,0.8029380440711975,0.462887167930603,0.8726815581321716,0.4405510425567627,0.7946597337722778,0.38021124171160603
0.43501150608062744,0.6429183483123779,0.4530024528503418,0.49014347791671753,0.4516603946685791,0.4548283815383911,0.22010808804005508
0.34001851081848145,0.5951396822929382,0.32281064987182617,0.6839319467544556,0.2987321615219116,0.8475363850593567,0.39093510710337914
0.3703017234802246,0.5901552438735962,0.4122800827026367,0.7355241775512695,0.3886885643005371,0.7329813241958618,0.38021124171160603
0.295291543006897,0.4101656675338745,0.27684950828552246,0.593356192111969,0.2738509178161621,0.8430894017219543,0.38021124171160603
0.35804057121276855,0.6571264266967773,0.35572290420532227,0.6289727687835693,0.34282612800598145,0.5806891322135925,0.37106786227173627
0.3257533311843872,0.9303832054138184,0.2999718189239502,0.8165377974510193,0.3079317808151245,0.8202424645423889,0.3222192947339193
0.2584195137023926,0.47523295879364014,0.25587916374206543,0.5793753862380981,0.24940478801727295,0.6865035891532898,0.31175386105575426
0.29759156703948975,0.6521440148353577,0.3891979455947876,0.7384009957313538,0.29950618743896484,0.480423241853714,0.3010299956639812
0.29749977588653564,0.5564444661140442,0.29532623291015625,0.6847702264785767,0.2896231412887573,0.5813007354736328,0.2787536009528289
0.25347864627838135,0.4246003031730652,0.2253042459487915,0.5858538150787354,0.2629885673522949,0.46107399463653564,0.2787536009528289
0.26562023162841797,0.7761791348457336,0.2548002004623413,0.8172141313552856,0.2659813165664673,0.8457298278808594,0.2787536009528289
0.36703991889953613,0.8617332577705383,0.36296701431274414,0.85231614112854,0.38082170486450195,0.8769996166229248,0.2304489213782739
0.23646855354309082,0.6238834261894226,0.2112879753112793,0.6761807203292847,0.2799561023712158,0.8664382696151733,0.21748394421390624
0.34246277809143066,0.622289776802063,0.38741612434387207,0.757618248462677,0.37101078033447266,0.9009455442428589,0.20411998265592482
0.22795069217681885,0.5118452906608582,0.2251342535018921,0.69966721534729,0.20403027534484863,0.7080258131027222,0.20411998265592482
0.3157780170440674,0.7202146053314209,0.3189185857772827,0.6771582961082458,0.3105248212814331,0.6413078904151917,0.1903316981702915
3.2447574138641357,0.8569152355194092,3.2255001068115234,0.9937748908996582,3.2262156009674072,0.8332671523094177,3.4313637641589874
3.192749261856079,0.8696557283401489,3.2082114219665527,1.0015461444854736,3.173823833465576,0.824545681476593,3.230448921378274
2.9745635986328125,0.868144690990448,2.941875457763672,0.9914949536323547,2.952422618865967,0.8344265818595886,3.113943352306837
2.304757833480835,0.9630606770515442,2.2895750999450684,0.8666505217552185,2.2795469760894775,0.8087254166603088,2.380211241711606
2.048468589782715,0.8508027195930481,2.095033645629883,0.9936496615409851,2.0558624267578125,0.8120866417884827,2.146128035678238
1.8438366651535034,0.96291583776474,1.8255215883255005,0.8315887451171875,2.0886523723602295,0.842056930065155,1.845098040014257
1.440667748451233,0.8272278308868408,1.4333938360214233,0.8114890456199646,1.4444674253463745,0.8204658031463623,1.4771212547196624
1.3275351524353027,0.8775332570075989,1.3157079219818115,0.8703778386116028,1.300553560256958,0.9153895974159241,1.3424226808222062
1.4283316135406494,0.8921982049942017,1.233736515045166,0.9869371056556702,1.256674885749817,0.8324954509735107,1.255272505103306
3.298280954360962,0.8164029121398926,3.311258316040039,0.8925927877426147,3.2888898849487305,0.9821373820304871,3.3010299956639813
3.1760611534118652,0.8620268702507019,3.215132236480713,1.0012575387954712,3.2098307609558105,0.9229575991630554,3.1903316981702914
2.9765045642852783,0.9739121794700623,2.9884443283081055,0.8351373076438904,3.0274813175201416,0.8385496139526367,3.041392685158225
2.3340375423431396,0.8123088479042053,2.3355491161346436,0.8295443654060364,2.3644230365753174,0.9867070913314819,2.230448921378274
2.12504506111145,0.8688157796859741,2.0694775581359863,0.9939652681350708,2.114107370376587,0.8095394372940063,2.0
1.9061903953552246,0.8713608980178833,1.8699895143508911,0.8659558296203613,2.0572516918182373,0.8426127433776855,1.7403626894942439
1.4779491424560547,0.8581857085227966,1.4714686870574951,0.9913021326065063,1.5068269968032837,0.9676459431648254,1.380211241711606
1.3007512092590332,0.9029368758201599,1.3350989818572998,0.8424469232559204,1.3441804647445679,0.820073127746582,1.2787536009528289
1.4297031164169312,0.892554759979248,1.2410826683044434,0.8021242618560791,1.2533471584320068,0.8284258842468262,1.2041199826559248
1.5107479095458984,1.0024574995040894,1.191569209098816,0.9833762645721436,1.9170334339141846,0.9408092498779297,0.7993405494535817
1.2033008337020874,0.9412141442298889,0.7563387155532837,0.8237503170967102,1.2170610427856445,0.8197561502456665,0.8061799739838872
1.864249587059021,0.9138749241828918,1.6294347047805786,0.7605623602867126,2.1591529846191406,0.7472942471504211,1.1367205671564067
1.1056780815124512,0.8101047277450562,1.4327534437179565,0.7898818850517273,1.3574683666229248,0.799331784248352,2.8573324964312685
-0.29219889640808105,0.9801279306411743,0.17406177520751953,0.8744115829467773,0.022294163703918457,0.9436474442481995,0.6627578316815741
-0.7099813222885132,0.7362609505653381,-0.03284406661987305,0.7810003757476807,-0.2853494882583618,0.7190375924110413,-0.22914798835785583
-0.3473161458969116,0.7102330327033997,0.3883403539657593,0.6897826790809631,0.5037403106689453,0.7843215465545654,0.7923916894982539
0.5681699514389038,0.7830235362052917,1.1936157941818237,0.7121897339820862,0.9697636961936951,0.815791130065918,0.3424226808222063
1.009169101715088,0.8911522626876831,0.8649769425392151,1.0590195655822754,0.8221569061279297,1.010672926902771,0.5185139398778874
0.5914421081542969,0.768100917339325,0.38074207305908203,0.7932690978050232,0.6626720428466797,0.7443068623542786,0.04139268515822507
0.5982788801193237,0.6998963952064514,0.962275505065918,0.7588722705841064,1.0655829906463623,0.6587573885917664,0.9493900066449128
0.5632132291793823,0.8017640709877014,1.1413954496383667,0.764894962310791,1.0852282047271729,0.7526384592056274,1.6989700043360187
-0.07775700092315674,0.9845675230026245,0.15649151802062988,1.0802133083343506,0.21809172630310059,0.9245999455451965,0.20411998265592482
-0.6037845611572266,0.7990173101425171,-0.6553058624267578,0.8257982134819031,-0.4180675745010376,0.8219696879386902,0.0
-0.03738808631896973,0.660065233707428,0.023700714111328125,0.7598787546157837,0.5123188495635986,0.7912436723709106,0.25527250510330607
0.6452456712722778,0.7336692810058594,0.6368606090545654,0.7460095286369324,0.6145579814910889,0.798370361328125,0.414973347970818
-0.5190553665161133,0.9428657293319702,-0.5838829278945923,1.021733283996582,-0.7378407716751099,0.9781761765480042,-0.3010299956639812
-0.3029055595397949,0.9127667546272278,-0.4937993288040161,0.895328164100647,0.07671427726745605,0.8330693244934082,-0.431798275933005
0.4170379638671875,0.8160738348960876,0.2980313301086426,0.806155800819397,0.1789541244506836,0.8790948987007141,-0.5228787452803376
0.3566412925720215,0.8031258583068848,0.8175289034843445,0.7356674671173096,0.5693925619125366,0.8261846899986267,0.414973347970818
1.9283039569854736,0.8659291863441467,2.1358938217163086,0.9223390221595764,1.9503791332244873,0.870683491230011,2.2648178230095364
1.8645950555801392,0.8498403429985046,1.8612308502197266,0.8601832389831543,1.9435604810714722,0.8864623308181763,3.719082573901486
1.8673449754714966,0.9003693461418152,1.8217928409576416,0.887383759021759,1.8831228017807007,0.8626771569252014,4.218902950862829
3.6515865325927734,0.8421067595481873,3.656137466430664,0.7747957706451416,3.713266372680664,0.8154556155204773,3.655234507034294
3.434218406677246,0.6507754325866699,3.4124255180358887,0.6626302003860474,3.3028793334960938,0.668753445148468,3.439332693830263
3.4039306640625,0.7820777297019958,3.4228785037994385,0.6492205262184143,3.3518853187561035,0.6573106646537781,3.4933186082321015
3.646916389465332,0.7809242606163025,3.64847469329834,0.7877833843231201,3.6124839782714844,0.7628357410430908,3.7673785241141804
3.392533302307129,0.7727304100990295,3.378143787384033,0.6017270684242249,3.423877239227295,0.56194669008255,3.554489160003819
3.463397979736328,0.5730836391448975,3.468911647796631,0.6202786564826965,3.37052321434021,0.6698570251464844,3.4000196350651586
3.2098569869995117,0.7642524242401123,3.406926155090332,0.8105818033218384,3.4222970008850098,0.7952502965927124,3.6624745037503095
3.4678540229797363,0.6717130541801453,3.454393148422241,0.6065800189971924,3.4401183128356934,0.6709350943565369,3.2942457161381182
3.4710726737976074,0.6753328442573547,3.3927907943725586,0.7047045826911926,3.4382872581481934,0.5610031485557556,3.4631461367263494
3.4099717140197754,0.668178915977478,3.463469982147217,0.6803140044212341,3.395392656326294,0.7033419013023376,3.5296869537729165
3.5072100162506104,0.7628065943717957,3.438467502593994,0.7568712830543518,3.420438528060913,0.7310788631439209,3.5224442335063197
3.5099124908447266,0.7735803723335266,3.4508087635040283,0.7303582429885864,3.4819462299346924,0.7419267892837524,3.374198257929083
3.4052867889404297,0.7401156425476074,3.4286952018737793,0.7084612846374512,3.4677186012268066,0.7571486234664917,3.5358002908248976
3.5596251487731934,0.8345761299133301,3.4600510597229004,0.826059103012085,3.219581127166748,0.8371078372001648,3.5599066250361124
2.9951119422912598,0.893081784248352,3.245866298675537,0.9781675934791565,2.762388229370117,0.8732035160064697,3.4410664066392633
0.4373844861984253,0.6582439541816711,0.43838930130004883,0.7567431330680847,0.5303723812103271,0.7066388130187988,-0.09691001300805639
0.2624213695526123,0.6900285482406616,0.28977739810943604,0.4505860507488251,0.40514636039733887,0.6871396899223328,0.0
0.47937774658203125,0.7192385792732239,0.5120201110839844,0.5778515338897705,0.42240476608276367,0.6684770584106445,0.04139268515822507
0.19713282585144043,0.644263744354248,0.21193015575408936,0.5788098573684692,0.19110631942749023,0.65826016664505,0.3010299956639812
0.3111642599105835,0.6848064064979553,0.2518959045410156,0.7228078842163086,0.25301098823547363,0.6383461952209473,0.47712125471966244
0.2979140281677246,0.6980916857719421,0.22980046272277832,0.5696914792060852,0.1709352731704712,0.6477389931678772,0.6020599913279624
0.4169778823852539,0.6740829944610596,0.2998793125152588,0.7155536413192749,0.3391176462173462,0.6246607303619385,0.5563025007672873
0.38076937198638916,0.7046369910240173,0.2876235246658325,0.7465718984603882,0.40537452697753906,0.5762279629707336,0.5910646070264992
0.991246223449707,0.9165446162223816,1.0628583431243896,0.8082749843597412,1.0409235954284668,0.8134177923202515,0.9571281976768131
0.6416725516319275,0.6940063238143921,0.5592590570449829,0.7252111434936523,0.4477447271347046,0.5532516837120056,0.7626785637274363
0.7007975578308105,0.7996450066566467,0.661413848400116,0.8547364473342896,0.6698369979858398,0.8060798645019531,0.6739419986340878
0.9790810942649841,0.8124249577522278,0.8386856913566589,0.719386100769043,0.9187007546424866,0.8154700398445129,0.8808135922807914
1.0430721044540405,0.839320719242096,1.1850519180297852,0.9114123582839966,1.0262376070022583,0.8773242831230164,1.2105860249051565
0.9363154172897339,0.8072704672813416,0.9805954694747925,0.7401766180992126,0.9086756706237793,0.7781552076339722,0.8715729355458788
0.9546803832054138,0.8978028893470764,0.8692902326583862,0.8213157653808594,0.8883167505264282,0.8318175077438354,0.7803173121401513
0.9800971150398254,0.7479891777038574,1.0182530879974365,0.7526436448097229,0.9001178741455078,0.7867845296859741,0.8750612633917001
-0.15672099590301514,0.5447692275047302,-0.07061636447906494,0.5441306829452515,-0.13849008083343506,0.6063461303710938,0.0
-0.2528911828994751,0.6459977626800537,-0.27280259132385254,0.7209953665733337,-0.2725348472595215,0.6787539124488831,-0.22184874961635637
0.14720463752746582,0.6063854694366455,0.06425225734710693,0.6637270450592041,0.01283419132232666,0.639062225818634,-0.3010299956639812
-0.04869544506072998,0.84746253490448,-0.0350189208984375,0.7710362076759338,0.0013889074325561523,0.8527426719665527,-0.3979400086720376
0.004160523414611816,0.49645766615867615,-0.07213056087493896,0.5477750897407532,-0.05371534824371338,0.49644553661346436,-0.6989700043360187
-0.23918533325195312,0.8754575252532959,-0.23024559020996094,0.7200330495834351,-0.25682997703552246,0.8105364441871643,0.0
-0.17580294609069824,0.6056093573570251,-0.08648967742919922,0.5877406001091003,-0.03794968128204346,0.5323995351791382,0.0
-0.11857950687408447,0.6704175472259521,0.08014321327209473,0.6635667681694031,0.01284945011138916,0.6374310851097107,-0.045757490560675115
-0.06162583827972412,0.43769371509552,-0.06792545318603516,0.5581411123275757,-0.1591477394104004,0.6085177063941956,-0.22184874961635637
-0.2161794900894165,0.6890177726745605,-0.26562440395355225,0.7190411686897278,-0.22297263145446777,0.6483139395713806,-0.22184874961635637
0.008072972297668457,0.596041202545166,0.04697608947753906,0.5464448928833008,-0.12021470069885254,0.6056857109069824,0.3010299956639812
0.07670176029205322,0.6602739691734314,0.052573561668395996,0.6857545971870422,0.0011050701141357422,0.6917428374290466,0.2304489213782739
-0.08414018154144287,0.5981757044792175,-0.09007716178894043,0.5170083045959473,-0.14453697204589844,0.6080482006072998,0.146128035678238
-0.08761286735534668,0.8432800769805908,-0.21030259132385254,0.7203937768936157,-0.018900632858276367,0.8482010960578918,-0.09691001300805639
-0.19781315326690674,0.6547212600708008,-0.2115687131881714,0.6128002405166626,-0.20395219326019287,0.6687400937080383,-0.1549019599857432
0.29997682571411133,0.6453666090965271,0.22459661960601807,0.6308951377868652,0.030869722366333008,0.6914495229721069,0.47712125471966244
0.2516937255859375,0.46697303652763367,0.28916096687316895,0.5483480095863342,-0.0919198989868164,0.6056248545646667,0.47712125471966244
0.16934823989868164,0.4956188499927521,0.1063377857208252,0.5126163959503174,0.246628999710083,0.4033041000366211,0.2304489213782739
-0.13388466835021973,0.6430099010467529,-0.07796871662139893,0.6548264026641846,-0.14050936698913574,0.6778947710990906,-0.1549019599857432
-0.2366260290145874,0.8737985491752625,-0.2113339900970459,0.7289409637451172,-0.04938149452209473,0.8456090092658997,-0.22184874961635637
0.36154937744140625,0.7786193490028381,0.42040514945983887,0.6581392884254456,0.06244838237762451,0.6216560006141663,0.6020599913279624
0.6732847094535828,0.7957530617713928,0.6986555457115173,0.8063849210739136,0.7346630096435547,0.7975420355796814,0.43136376415898736
0.5126235485076904,0.6096948981285095,0.49058997631073,0.7604627013206482,0.02962958812713623,0.6241549849510193,0.25527250510330607
0.03057253360748291,0.7664136290550232,-0.029675960540771484,0.8041555285453796,-0.09354221820831299,0.6284367442131042,-0.09691001300805639
-0.1929415464401245,0.9235531687736511,-0.1789926290512085,0.8635028600692749,-0.07477784156799316,0.8445444703102112,-0.1549019599857432
