seed_6_y_pred,seed_6_y_std,seed_13_y_pred,seed_13_y_std,seed_42_y_pred,seed_42_y_std,log (Separation factor)
0.6421594619750977,0.5711709260940552,0.6682515740394592,0.5747417211532593,0.7126631736755371,0.5529692769050598,0.20411998265592482
0.6567476987838745,0.8477714657783508,0.39560604095458984,0.5816649198532104,0.6427879333496094,0.7824580669403076,0.3010299956639812
0.6595190167427063,0.8477032780647278,0.6309959888458252,0.5226730704307556,1.0004377365112305,0.6404999494552612,0.3424226808222063
0.40381622314453125,0.568911612033844,0.676880419254303,0.5745020508766174,0.6542835235595703,0.8083219528198242,0.505149978319906
0.41016650199890137,0.5833167433738708,0.5509201288223267,0.9314859509468079,0.6528103947639465,0.7822339534759521,0.5797835966168101
0.5096166133880615,0.8272619843482971,0.6864542961120605,0.5742529630661011,0.6619044542312622,0.8081448674201965,0.6232492903979004
2.5650622844696045,0.5927544832229614,2.9393491744995117,0.4543318450450897,2.898860454559326,0.5274363160133362,3.26030994579492
2.3228964805603027,0.6987127065658569,2.0732758045196533,0.6056317687034607,2.1287100315093994,0.5356177687644958,3.0791812460476247
2.131287097930908,0.5867270827293396,2.3761959075927734,0.5156289935112,2.0711669921875,0.5084646940231323,2.3979400086720375
2.5362093448638916,0.5098274946212769,2.4757769107818604,0.5080756545066833,2.161653995513916,0.523445188999176,2.3010299956639813
2.079186201095581,0.5788962244987488,2.5481085777282715,0.4557984173297882,2.490595817565918,0.5313531160354614,2.204119982655925
2.2663767337799072,0.48217469453811646,2.3507983684539795,0.4787123203277588,1.9289758205413818,0.5123801827430725,2.146128035678238
1.890323281288147,0.5837677717208862,1.8510816097259521,0.5548374056816101,1.8945645093917847,0.6019213199615479,2.0791812460476247
2.117340326309204,0.5896667838096619,2.4113802909851074,0.5183312296867371,2.1643550395965576,0.5076123476028442,2.075546961392531
2.4954593181610107,0.5065587759017944,2.097194194793701,0.5201743841171265,2.4598445892333984,0.5342106819152832,2.0
2.202829599380493,0.5214871764183044,2.0927343368530273,0.5232903361320496,2.1918532848358154,0.5102791786193848,1.9030899869919435
2.5902276039123535,0.5022982358932495,2.3549087047576904,0.5687678456306458,2.7004690170288086,0.4949258863925934,1.845098040014257
2.5819478034973145,0.5104018449783325,2.614175796508789,0.4536406099796295,2.658597946166992,0.4883420467376709,1.845098040014257
2.1394548416137695,0.5228331685066223,2.207451105117798,0.4557940661907196,2.1977698802948,0.5579993724822998,1.6020599913279625
1.1227223873138428,0.5249660611152649,1.3313158750534058,0.5316166877746582,1.1527225971221924,0.5271602869033813,1.3010299956639813
1.2743552923202515,0.5186578035354614,1.3894180059432983,0.54021155834198,1.3144595623016357,0.50751793384552,1.2855573090077739
1.0204468965530396,0.5106065273284912,1.0393105745315552,0.5154749155044556,0.9763447642326355,0.5055135488510132,1.2671717284030137
1.1264057159423828,0.6308606863021851,1.2097489833831787,0.5327989459037781,1.1661027669906616,0.5626415610313416,1.2405492482825997
1.2508031129837036,0.6200730204582214,1.1062304973602295,0.6218611001968384,1.1435587406158447,0.6231430172920227,1.2253092817258628
1.33909010887146,0.6234190464019775,1.3851147890090942,0.5284598469734192,1.6436207294464111,0.5265728235244751,1.2174839442139063
1.2882235050201416,0.517234206199646,1.3814250230789185,0.5286893844604492,1.6053277254104614,0.5316591858863831,1.2041199826559248
1.824958086013794,0.6359639763832092,1.3249990940093994,0.7118830680847168,1.545227289199829,0.5160475373268127,1.1958996524092338
1.0503382682800293,0.514626681804657,1.0221917629241943,0.5486760139465332,1.3075391054153442,0.5210978388786316,1.1903316981702914
1.5690959692001343,0.5007463097572327,1.5453723669052124,0.5596075057983398,1.322001338005066,0.5206652283668518,1.1789769472931695
1.5690959692001343,0.5007463097572327,1.5453723669052124,0.5596075057983398,1.6053277254104614,0.5316591858863831,0.9138138523837167
2.2503457069396973,0.5035388469696045,2.1142187118530273,0.514049232006073,2.1779627799987793,0.5092005729675293,1.4548448600085102
1.9980295896530151,0.4881506860256195,1.926890254020691,0.48277923464775085,2.004448652267456,0.49837765097618103,1.2227164711475833
1.8206607103347778,0.5253595113754272,2.0803639888763428,0.5138363242149353,2.173917293548584,0.5077229142189026,1.1034616220947049
1.862349271774292,0.46891993284225464,1.7493754625320435,0.5117059350013733,1.7885863780975342,0.5197691917419434,1.0610753236297918
1.7177257537841797,0.4821206331253052,1.7605057954788208,0.44371190667152405,1.7264565229415894,0.46315836906433105,0.9294189257142927
1.6496728658676147,0.4833095371723175,1.5710643529891968,0.5130347609519958,1.6504559516906738,0.46285146474838257,0.8450980400142568
2.075718641281128,0.4858793318271637,2.1034533977508545,0.48465028405189514,2.0541954040527344,0.5204777121543884,0.6464037262230695
1.6570889949798584,0.4700392484664917,1.5504683256149292,0.48437145352363586,1.8757097721099854,0.4986523985862732,1.8881233072979084
1.3345345258712769,0.4866839051246643,1.4119248390197754,0.476309597492218,1.7015857696533203,0.5125889182090759,1.4756711883244296
1.2297829389572144,0.48615044355392456,1.169457197189331,0.4784364700317383,1.4832391738891602,0.494640976190567,1.2174839442139063
1.1740219593048096,0.46461766958236694,1.24424147605896,0.47656920552253723,1.5161936283111572,0.5140777826309204,0.9439888750737718
1.30379056930542,0.45796915888786316,1.1888827085494995,0.4678817689418793,1.135504126548767,0.4862225651741028,0.7403626894942439
1.6852847337722778,0.4802864193916321,1.9458051919937134,0.5091891884803772,2.0195419788360596,0.5184073448181152,1.398634324538392
1.753271460533142,0.45630380511283875,1.6510201692581177,0.4699576497077942,1.6924192905426025,0.4726441204547882,1.584218112117405
1.77383291721344,0.47953706979751587,1.808374047279358,0.4919745922088623,1.9382561445236206,0.4645809233188629,2.1048284036536553
2.033811330795288,0.45576953887939453,1.9184012413024902,0.4919426739215851,2.1697869300842285,0.4948645532131195,2.361538971269279
2.1994123458862305,0.4567881226539612,2.1972150802612305,0.4978748857975006,2.1488559246063232,0.4565994441509247,2.8147801457458046
0.6920925974845886,0.5268927812576294,0.726894736289978,0.5339095592498779,0.6876913905143738,0.5200648903846741,0.8169038393756602
0.6771330833435059,0.49398359656333923,0.7780936360359192,0.4586697816848755,0.7848547697067261,0.5606980919837952,0.7355988996981799
0.6647126078605652,0.49785497784614563,0.6791350245475769,0.45347240567207336,0.5559931993484497,0.5383947491645813,0.667452952889954
0.638700008392334,0.5031210780143738,0.7367863655090332,0.5336949229240417,0.8031454682350159,0.5208264589309692,0.8382192219076258
0.7829667925834656,0.5259880423545837,0.7390968203544617,0.5131132006645203,0.794467568397522,0.5605854988098145,0.7419390777291989
0.6873227953910828,0.5070096254348755,0.727280855178833,0.5225417017936707,0.7670936584472656,0.5278581976890564,0.7419390777291989
0.7503624558448792,0.5346871614456177,0.7499752044677734,0.5334401726722717,0.7392339110374451,0.5045175552368164,0.8530895298518655
0.7197545170783997,0.5202569961547852,0.7593803405761719,0.549126148223877,0.8300759792327881,0.5437195897102356,0.7339992865383869
0.7024941444396973,0.5067684650421143,0.6914980411529541,0.5073303580284119,0.7818897366523743,0.5274680852890015,0.6637009253896482
0.6754890084266663,0.5025898814201355,0.7918732166290283,0.5159996747970581,0.707061231136322,0.5303907990455627,0.865103974641128
0.8142964839935303,0.525099515914917,0.7764069437980652,0.5487825870513916,0.8816700577735901,0.5255576372146606,0.7543483357110189
0.6354705691337585,0.523681104183197,0.716545581817627,0.452995628118515,0.7157041430473328,0.5351184606552124,0.6627578316815741
0.7588685750961304,0.5255451202392578,0.8289843797683716,0.4554077982902527,0.7848660945892334,0.5040934681892395,0.8331471119127851
0.8393270969390869,0.5244715809822083,0.7769457101821899,0.5230867266654968,0.9092592000961304,0.5249683260917664,0.7881683711411677
0.8473200798034668,0.5296791791915894,0.7113276124000549,0.5340752601623535,0.8293227553367615,0.526381254196167,0.6989700043360189
0.8173733949661255,0.532331645488739,0.8562405109405518,0.51617830991745,0.8021075129508972,0.5185500979423523,0.8976270912904414
0.7683170437812805,0.49074870347976685,0.8699818849563599,0.4579313099384308,0.8239066004753113,0.5221209526062012,0.7781512503836436
0.8808537721633911,0.5295137763023376,0.7464617490768433,0.5332637429237366,0.8564099073410034,0.5072231888771057,0.7092699609758307
0.8877305388450623,0.5347673296928406,0.9182837009429932,0.5169641375541687,0.8171375393867493,0.5303892493247986,1.0784568180532925
1.000159502029419,0.5080620646476746,0.9232553839683533,0.4582703709602356,0.9561766982078552,0.5427036881446838,0.8375884382355113
0.9357582926750183,0.5294877886772156,0.7661856412887573,0.5160746574401855,0.7042885422706604,0.537329375743866,0.6884198220027106
0.9767683744430542,0.5339393615722656,1.033515214920044,0.5198107957839966,0.98751300573349,0.5184308290481567,1.1861083798132053
0.9522365927696228,0.5210606455802917,1.0142167806625366,0.5156336426734924,1.0360076427459717,0.5625239014625549,0.8267225201689921
0.8669511079788208,0.5231327414512634,1.0124518871307373,0.5219663977622986,0.8073415160179138,0.5386239886283875,0.8055008581584001
1.2750396728515625,0.5446100831031799,1.2961002588272095,0.5575019121170044,1.2796624898910522,0.5098269581794739,1.3643633546157308
1.1862456798553467,0.4873599708080292,1.2753669023513794,0.5522454977035522,1.3212616443634033,0.5483776330947876,1.2227164711475833
1.2450642585754395,0.5118513703346252,1.186666488647461,0.5335464477539062,1.063990831375122,0.5495033264160156,1.0644579892269186
0.6453070044517517,0.5191218852996826,0.7184625267982483,0.4927598536014557,1.2343730926513672,0.5169057250022888,0.8715729355458788
0.6578409075737,0.5191047191619873,0.7314891815185547,0.4926113188266754,1.2493828535079956,0.5164121389389038,0.846955325019824
0.7263021469116211,0.5115500092506409,0.7106493711471558,0.5131925344467163,0.7448220252990723,0.5317000150680542,0.7774268223893114
0.6967481970787048,0.5191664099693298,0.7504468560218811,0.44769152998924255,1.2968692779541016,0.5150003433227539,0.8450980400142568
0.7749878168106079,0.5317016243934631,0.6481044292449951,0.5363033413887024,1.3189294338226318,0.4925718903541565,0.9731278535996987
1.276046872138977,0.492400586605072,0.8649991750717163,0.49242761731147766,1.4020578861236572,0.5125889182090759,1.1760912590556813
0.9887303709983826,0.5145803093910217,0.9373312592506409,0.44836363196372986,1.5223097801208496,0.5109421014785767,1.3521825181113625
0.8899655342102051,0.5220105648040771,0.9373312592506409,0.44836363196372986,0.9742724299430847,0.5140212178230286,1.3434085938038574
0.9566448926925659,0.5159381031990051,0.8996690511703491,0.5507267713546753,1.6494789123535156,0.5136345624923706,1.2605483726369795
1.5229634046554565,0.49678218364715576,1.571621060371399,0.5080786347389221,1.592043399810791,0.49321773648262024,1.2460059040760292
1.1523256301879883,0.5321252346038818,1.752042531967163,0.5049921870231628,1.2145030498504639,0.5463425517082214,1.1335389083702174
0.09399628639221191,0.5847444534301758,0.23841071128845215,0.5227542519569397,0.05626511573791504,0.5375370383262634,0.25984415912950387
0.5773977041244507,0.5783507823944092,0.7086783051490784,0.6485486030578613,0.757350742816925,0.6307069063186646,0.5693739096150459
0.23712921142578125,0.583631157875061,0.13143110275268555,0.48579809069633484,0.1864849328994751,0.5533121824264526,0.134905422521204
0.085182785987854,0.5640613436698914,0.2038896083831787,0.5603617429733276,0.18430829048156738,0.5375655293464661,0.057018743462753624
0.6925488710403442,0.6212820410728455,0.606411337852478,0.6297615766525269,0.7366066575050354,0.6393110156059265,0.5440680443502757
0.23828470706939697,0.554384708404541,0.032692670822143555,0.4863865375518799,0.15102505683898926,0.5410547852516174,0.1887887561999041
0.08028578758239746,0.5744543671607971,0.13955187797546387,0.5604949593544006,0.32677626609802246,0.5276655554771423,0.32102665773805583
0.7473070025444031,0.6256378889083862,0.7380965948104858,0.6454764008522034,0.7892343997955322,0.6342834830284119,0.5198279937757188
0.7738929390907288,0.7000468969345093,0.6914025545120239,0.6302208304405212,0.764465868473053,0.616012692451477,0.5024271199844327
0.7621265053749084,0.631655216217041,0.7451276183128357,0.632344663143158,0.6388962268829346,0.640204906463623,0.49554433754644844
0.24075233936309814,0.5354026556015015,0.2039778232574463,0.5521816611289978,0.16725242137908936,0.5381447672843933,0.377943380255784
0.8955680131912231,0.6025858521461487,0.8365134596824646,0.6308301687240601,0.9907059073448181,0.6712823510169983,0.7626785637274363
0.3519008159637451,0.5288074016571045,0.24596774578094482,0.48461592197418213,0.3524419069290161,0.5361118912696838,0.30330969374508143
0.33197450637817383,0.5718974471092224,0.23165881633758545,0.47399815917015076,0.21713340282440186,0.5507721900939941,0.18412335423967113
0.8674540519714355,0.5786072611808777,0.9016433358192444,0.5709879994392395,0.7618749141693115,0.6326708793640137,0.7272158209084926
0.2993372678756714,0.5719236135482788,0.2936086654663086,0.5415371656417847,0.17031991481781006,0.6146152019500732,0.0022796980811002577
0.28566813468933105,0.5711872577667236,0.23933875560760498,0.5504695177078247,0.22161614894866943,0.5239536166191101,0.2374806502767422
0.8795218467712402,0.776990532875061,0.780696451663971,0.49488314986228943,0.9107280969619751,0.6310296058654785,0.6683859166900001
0.910129964351654,0.5887143611907959,0.9406185746192932,0.6516578197479248,0.8216265439987183,0.607876718044281,0.6232492903979004
0.8952258229255676,0.5822423696517944,0.8622965812683105,0.6370072364807129,0.76048344373703,0.630345344543457,0.6053050461411095
0.22698605060577393,0.7638909220695496,0.23389625549316406,0.6568369269371033,0.2792627811431885,0.5973293781280518,0.4359352590196724
0.9275386929512024,0.6729997992515564,0.965793788433075,0.522653341293335,0.885155439376831,0.7819927930831909,1.0128372247051722
0.21804988384246826,0.7791431546211243,0.3434903621673584,0.5986455082893372,0.3587089776992798,0.6977590918540955,0.25984415912950387
0.24453401565551758,0.691983163356781,0.33508145809173584,0.845142126083374,0.3833428621292114,0.6813647150993347,0.19289736949889066
0.8315759301185608,0.6536683440208435,0.8666280508041382,0.5131954550743103,0.7317067980766296,0.762491762638092,0.9289076902439527
0.4088256359100342,0.6167201995849609,0.29857921600341797,0.6136582493782043,0.21983766555786133,0.679004430770874,0.0022796980811002577
0.27349913120269775,0.6813587546348572,0.2693747282028198,0.6614102721214294,0.2341921329498291,0.744596540927887,0.2172772761581854
0.8862034678459167,0.968101441860199,0.8136208653450012,0.9092812538146973,0.968404233455658,0.7184532880783081,0.8260748027008264
0.8123387098312378,0.9904703497886658,0.8125534057617188,0.9238116145133972,0.9332919120788574,0.7391069531440735,0.7715874808812554
0.840800940990448,0.713272750377655,0.8662964105606079,0.9091894030570984,0.7077757120132446,0.7651591300964355,0.6963563887333322
2.554551124572754,0.45920559763908386,2.481806755065918,0.5387634634971619,2.4714457988739014,0.5128881335258484,2.506505032404872
1.996954083442688,0.5168679356575012,2.0517847537994385,0.5353279709815979,2.193776845932007,0.44338464736938477,2.4409090820652177
1.9019114971160889,0.46803203225135803,1.8747228384017944,0.531993567943573,1.8840399980545044,0.5336472392082214,1.8195439355418688
1.5939072370529175,0.42845481634140015,1.5470705032348633,0.4561729431152344,1.4046205282211304,0.5053856372833252,1.8195439355418688
2.536461114883423,0.5188021063804626,2.6550049781799316,0.43604376912117004,2.729343891143799,0.4550047516822815,2.762678563727436
2.3077609539031982,0.46909937262535095,2.2857730388641357,0.46023398637771606,2.328213691711426,0.42783182859420776,2.6580113966571126
2.0043721199035645,0.46631962060928345,2.0183205604553223,0.47186967730522156,1.95786452293396,0.5109642744064331,2.1903316981702914
1.5215461254119873,0.5111337900161743,1.6063312292099,0.4564351439476013,1.5776594877243042,0.44598588347435,2.0
2.8880257606506348,0.4567629396915436,2.869541645050049,0.4710457921028137,2.7462573051452637,0.5124726295471191,3.12515582958053
2.473553419113159,0.471357524394989,2.4497711658477783,0.46572932600975037,2.4896273612976074,0.42923837900161743,2.9960736544852753
2.8039567470550537,0.48012009263038635,2.8060269355773926,0.46270614862442017,2.71264910697937,0.5412697792053223,2.9410142437055695
2.7664079666137695,0.430765837430954,2.6426985263824463,0.5344957709312439,2.7238049507141113,0.48213404417037964,2.7596678446896306
2.4776244163513184,0.4516749978065491,2.391993522644043,0.4679386615753174,2.4072835445404053,0.45485517382621765,2.716003343634799
2.7290899753570557,0.4867671728134155,2.810786247253418,0.4831295609474182,2.5917580127716064,0.46024423837661743,2.6693168805661123
2.362067699432373,0.4742952585220337,2.213181257247925,0.5310419797897339,2.348475933074951,0.4827389717102051,2.606381365110605
2.1288435459136963,0.47526785731315613,2.154054641723633,0.43846312165260315,2.1835110187530518,0.45854222774505615,2.424881636631067
2.403041362762451,0.432849258184433,2.398851156234741,0.46913400292396545,2.3265509605407715,0.4819927215576172,2.4216039268698313
1.6803913116455078,0.511646568775177,1.812953233718872,0.4576292037963867,1.732513427734375,0.5224994421005249,2.2278867046136734
2.542651414871216,0.4546627998352051,2.5310025215148926,0.4363452196121216,2.4943130016326904,0.547322154045105,2.792391689498254
2.430482864379883,0.5258557200431824,2.5310025215148926,0.4363452196121216,2.5650391578674316,0.4326804578304291,2.708420900134713
1.876573920249939,0.43682658672332764,1.8833775520324707,0.531702995300293,1.9361430406570435,0.45094600319862366,2.330413773349191
1.9155473709106445,0.45590531826019287,1.9124459028244019,0.4701350927352905,1.8738991022109985,0.5123007297515869,2.1367205671564067
2.383985996246338,0.5264802575111389,2.582468032836914,0.47301703691482544,2.4667105674743652,0.5449963212013245,2.629409599102719
2.568572998046875,0.4358752369880676,2.510141134262085,0.43499937653541565,2.4985740184783936,0.4918244183063507,2.5877109650189114
1.827493667602539,0.46864885091781616,1.8263096809387207,0.5318718552589417,1.7988874912261963,0.48301029205322266,2.214843848047698
1.9108229875564575,0.45679572224617004,1.8497912883758545,0.4351527988910675,1.7988874912261963,0.48301029205322266,2.075546961392531
2.5357625484466553,0.45627012848854065,2.4277167320251465,0.5449544787406921,2.464146852493286,0.5201414823532104,2.499687082618404
2.3978543281555176,0.5245149731636047,2.4277167320251465,0.5449544787406921,2.6005992889404297,0.4848827123641968,2.403120521175818
1.8340080976486206,0.47107529640197754,1.890810251235962,0.4640190303325653,1.833829402923584,0.5324836373329163,2.1398790864012365
1.8340080976486206,0.47107529640197754,1.8208527565002441,0.5319897532463074,1.9008382558822632,0.4859066307544708,1.99563519459755
2.6609368324279785,0.4857107698917389,2.613191604614258,0.4410935044288635,2.6353836059570312,0.5483059883117676,2.4456042032735974
2.6609368324279785,0.4857107698917389,2.6805195808410645,0.4752305746078491,2.622251033782959,0.46465355157852173,2.322219294733919
1.8846993446350098,0.44376271963119507,1.9529260396957397,0.439162015914917,1.8684757947921753,0.49566155672073364,2.0569048513364727
2.065751791000366,0.46013274788856506,2.001023769378662,0.46958720684051514,1.8684757947921753,0.49566155672073364,1.9444826721501687
0.8917006850242615,0.5385746359825134,1.0443780422210693,0.5342684984207153,1.009718418121338,0.5463938117027283,1.4578213636679103
0.9869769215583801,0.5125569105148315,0.8999667763710022,0.5199347734451294,0.7854078412055969,0.536044180393219,1.0163917383715793
0.9976616501808167,0.5332797765731812,1.0720208883285522,0.5014675259590149,0.9997305274009705,0.5099683403968811,1.4750170755177987
1.0545048713684082,0.5153787732124329,0.9926891326904297,0.5184876322746277,0.9016199707984924,0.5028924942016602,1.0621462303689089
1.336316704750061,0.4950498342514038,1.173207402229309,0.4949452579021454,1.1582849025726318,0.5233685970306396,1.5152643446896048
1.3061190843582153,0.49615278840065,1.1139116287231445,0.5057249665260315,1.1756380796432495,0.5012524127960205,1.1127034773661755
1.3412381410598755,0.5063828825950623,1.2127609252929688,0.5389020442962646,1.1743078231811523,0.5215238332748413,1.5185139398778875
1.3264849185943604,0.5041647553443909,1.2369558811187744,0.5239956378936768,1.1801722049713135,0.5205846428871155,1.414973347970818
1.3512006998062134,0.5067574977874756,1.289301872253418,0.5079474449157715,1.3651617765426636,0.5152990221977234,1.255272505103306
1.3270028829574585,0.5091215372085571,1.1440985202789307,0.543924868106842,1.1324965953826904,0.5000954270362854,1.0827413643651347
1.3221890926361084,0.5115374326705933,1.2403156757354736,0.5151479840278625,1.1741069555282593,0.5288236141204834,1.5118833609788744
1.2846205234527588,0.5109179019927979,1.2070540189743042,0.5150050520896912,1.2158299684524536,0.5131174921989441,1.3979400086720377
1.3007354736328125,0.5224082469940186,1.1897790431976318,0.522424042224884,1.244051456451416,0.5069224834442139,1.2304489213782739
1.227281093597412,0.5040709376335144,1.0795254707336426,0.53510981798172,1.0312458276748657,0.4983885884284973,1.0335250388423651
1.3268109560012817,0.5207446813583374,1.1750330924987793,0.527465283870697,1.3754768371582031,0.49592325091362,1.4913616938342726
1.3213024139404297,0.5022960305213928,1.2583593130111694,0.5357904434204102,1.199209451675415,0.5213513970375061,1.380211241711606
1.3443684577941895,0.5124489665031433,1.3415697813034058,0.45108070969581604,1.1726247072219849,0.5305582880973816,1.2041199826559248
1.2304651737213135,0.5052950978279114,1.2003463506698608,0.542009174823761,1.1434063911437988,0.522333562374115,0.9973113594439728
1.1977747678756714,0.5473567247390747,1.1207680702209473,0.5269256234169006,1.1056756973266602,0.5447483658790588,1.682235356902564
1.1385679244995117,0.5313160419464111,1.1708590984344482,0.46419936418533325,1.1932010650634766,0.5276063680648804,1.2571256853305026
1.9836010932922363,0.5798400640487671,2.0742650032043457,0.5316446423530579,1.6115003824234009,0.5305513739585876,1.7769190028420465
1.9103788137435913,0.5880321264266968,1.6935828924179077,0.5268790125846863,1.7494220733642578,0.5206146240234375,2.0419450721452637
2.2396249771118164,0.5551337599754333,2.3764395713806152,0.4840187728404999,2.056730270385742,0.5293328762054443,2.0493343359722838
2.120016098022461,0.5318207740783691,1.9744880199432373,0.5283690690994263,2.0050129890441895,0.5322589874267578,2.5087451294695478
2.438197374343872,0.5860756039619446,2.5877363681793213,0.5976744294166565,2.5893824100494385,0.5782164335250854,2.7127338590699517
2.0313808917999268,0.5285997986793518,1.877189040184021,0.5613880157470703,1.8770008087158203,0.6054269075393677,2.8519734280672506
1.719258189201355,0.5348914265632629,1.6230335235595703,0.5381577610969543,1.8253813982009888,0.51933753490448,2.0920887392558067
1.5667884349822998,0.5659502744674683,1.530614972114563,0.56850665807724,1.6069066524505615,0.5262660980224609,1.9095560292411753
1.464158296585083,0.5688058137893677,1.5313317775726318,0.5227910876274109,1.3848209381103516,0.6107758283615112,1.6286953827140234
1.380206823348999,0.5365390777587891,1.4056299924850464,0.4760144352912903,1.281731128692627,0.6157695055007935,1.4622482153549974
1.3406106233596802,0.8706416487693787,1.6436949968338013,0.7824310660362244,1.6226478815078735,1.2819738388061523,1.271841606536499
0.9286309480667114,1.1839157342910767,1.1714506149291992,0.6861375570297241,1.410522222518921,0.9504945874214172,1.0170333392987803
1.0032141208648682,1.298101782798767,0.5377285480499268,0.8971699476242065,0.8799238801002502,1.2638037204742432,1.1549019512998535
1.8894970417022705,0.5897977352142334,1.7061059474945068,0.5796813368797302,1.886035680770874,0.5460582971572876,2.0873909449971877
1.8442227840423584,0.6495844721794128,1.6274452209472656,0.46572360396385193,1.7734163999557495,0.5485076904296875,1.7982361763679358
2.0176193714141846,0.5797812342643738,1.7625007629394531,0.5754303336143494,1.76788330078125,0.7378789782524109,1.5521813388393357
2.1551592350006104,0.5852563381195068,2.0040714740753174,0.6820238828659058,1.9119646549224854,0.734125554561615,2.5644174867471095
1.7846544981002808,0.5765548944473267,1.7207061052322388,0.4659137725830078,1.8171190023422241,0.5672763586044312,2.052886235256382
1.9850800037384033,0.5972812175750732,1.8380008935928345,0.6056190133094788,1.9624192714691162,0.5484052896499634,1.7283537820212285
2.140986919403076,0.6571022868156433,1.9008374214172363,0.47257205843925476,2.073439121246338,0.7340669631958008,2.8491490473770673
1.9297783374786377,0.5256036520004272,2.0691978931427,0.6749579310417175,2.003160238265991,0.5711382031440735,2.189097109071418
2.279714822769165,0.581756055355072,2.009726047515869,0.6047779321670532,2.0240252017974854,0.5781624913215637,1.9376181793938234
1.1310886144638062,0.49036943912506104,1.273333191871643,0.502943217754364,1.2458574771881104,0.5224075317382812,1.8796692056320534
1.3571341037750244,0.5266449451446533,1.1655110120773315,0.44681400060653687,1.2774012088775635,0.4811980426311493,1.4313637641589874
1.727513074874878,0.5118016004562378,1.6595367193222046,0.5093663930892944,1.5556985139846802,0.512627363204956,0.9030899869919435
1.8723833560943604,0.510101854801178,1.9868426322937012,0.5412573218345642,1.832651972770691,0.5129256844520569,1.041392685158225
1.8377126455307007,0.5397778749465942,1.6941784620285034,0.5378641486167908,1.7029722929000854,0.563035249710083,1.290034611362518
2.0171597003936768,0.6203411221504211,1.9702045917510986,0.6800612807273865,2.017613172531128,0.6284691095352173,1.505149978319906
2.058271646499634,0.9784419536590576,1.9082152843475342,0.8268793821334839,1.7115896940231323,1.0150787830352783,1.380211241711606
1.3575464487075806,0.8312288522720337,1.5046921968460083,0.5499821305274963,1.507964849472046,0.9218875765800476,1.0
1.694451093673706,1.328245759010315,1.7122750282287598,1.2537144422531128,1.707863688468933,1.4094407558441162,0.6989700043360189
1.497345209121704,0.8047369122505188,1.2849029302597046,0.7608693838119507,1.3804680109024048,0.8684001564979553,1.3010299956639813
1.7666757106781006,0.9123275279998779,1.5666561126708984,0.8437751531600952,1.7895383834838867,1.0135630369186401,2.8943160626844384
1.760318636894226,1.3273694515228271,1.2909424304962158,1.0519440174102783,0.9383829236030579,1.343340277671814,1.8260748027008264
1.423538327217102,0.8298577070236206,1.5563325881958008,0.7576711773872375,1.522483468055725,0.7395724058151245,1.6989700043360187
1.686341643333435,0.8484885692596436,1.4352433681488037,0.7558180689811707,1.6049302816390991,0.7882990837097168,1.9030899869919435
1.9476704597473145,0.7464869022369385,1.899031162261963,0.788543164730072,2.0736849308013916,0.9327581524848938,2.255272505103306
1.806735873222351,1.2980045080184937,1.7775471210479736,0.7538214921951294,1.481306552886963,1.347888469696045,2.1931245983544616
2.6166603565216064,0.9759387969970703,2.0716121196746826,0.8337777853012085,2.516031265258789,0.9192294478416443,2.0969100130080562
1.58005690574646,0.5141287446022034,1.6662734746932983,0.5202935338020325,1.6592239141464233,0.5254389643669128,0.9084850188786497
0.6609700918197632,0.4910648465156555,0.6623150706291199,0.5033010840415955,0.7646951675415039,0.5110493302345276,0.8920946026904804
0.9047958850860596,0.5158608555793762,1.035029411315918,0.5480725169181824,0.8884649872779846,0.5146933197975159,0.8260748027008264
0.4329402446746826,0.7049386501312256,0.7088951468467712,0.5079456567764282,0.4525737762451172,0.7793018221855164,0.7745169657285496
0.4294184446334839,0.6685305833816528,0.8539184331893921,0.5090132355690002,0.590071439743042,0.8006685376167297,0.800717078282385
0.7528622150421143,0.5059126019477844,0.8440268039703369,0.5012670159339905,1.0135798454284668,0.5228137969970703,0.8234742291703011
0.7033758759498596,0.5055727362632751,0.6498452425003052,0.7584554553031921,0.32967686653137207,0.6602721810340881,0.7923916894982539
0.48960745334625244,0.6598989367485046,0.9511634707450867,0.5351495146751404,0.43181371688842773,0.662345290184021,0.7795964912578245
-0.25920307636260986,0.7556204795837402,-0.33656978607177734,0.5804497599601746,-0.2479625940322876,0.6904985308647156,0.5440680443502757
0.19471943378448486,0.662200391292572,0.09542381763458252,0.6585519313812256,0.2299497127532959,0.6557489037513733,0.07188200730612536
0.1968367099761963,0.6621456146240234,0.18267905712127686,0.6842459440231323,0.09807467460632324,0.698191225528717,0.07918124604762482
-0.2317333221435547,0.7549394369125366,-0.3154301643371582,0.5801005959510803,-0.19652485847473145,0.663294792175293,0.4899584794248346
-0.010981321334838867,0.6274390816688538,-0.27750158309936523,0.5796354413032532,-0.25465893745422363,0.680969774723053,0.48855071650044424
0.2679792642593384,0.6621047854423523,0.06992197036743164,0.5715224742889404,0.07568621635437012,0.6701372265815735,0.11727129565576427
-0.013185381889343262,0.68231201171875,0.03308367729187012,0.6565231680870056,-0.15270090103149414,0.6804088354110718,0.41995574848975786
0.20210790634155273,0.74358069896698,0.4219297170639038,0.6576258540153503,0.23423326015472412,0.6836579442024231,0.06445798922691845
0.3101968765258789,0.7495079040527344,0.4295971393585205,0.658475399017334,0.549341082572937,0.7042024731636047,0.2966651902615311
0.7502040863037109,0.65829998254776,0.8038116097450256,0.6639024615287781,0.8507195115089417,0.6736764907836914,-0.022276394711152253
1.0505071878433228,0.959308922290802,1.1868377923965454,1.0686872005462646,0.40872812271118164,0.7266440987586975,0.9956351945975499
0.8924050331115723,0.5361859798431396,1.0441964864730835,0.5718889832496643,0.4123077392578125,0.7714942693710327,1.1205739312058498
0.5068124532699585,0.8748912811279297,0.9078537225723267,1.0587072372436523,0.13611996173858643,0.6564289331436157,0.7403626894942439
0.41810691356658936,0.8777259588241577,0.8422868847846985,1.0621566772460938,0.6671658158302307,0.957261860370636,0.7558748556724915
0.31596875190734863,0.8854257464408875,0.8340629935264587,0.5406598448753357,0.30992770195007324,0.960777759552002,0.7403626894942439
2.0482213497161865,0.7650712132453918,2.0252315998077393,0.5414198040962219,2.189476251602173,0.7587101459503174,2.4471580313422194
2.115333080291748,0.7023248672485352,2.116314649581909,0.7338156700134277,2.1195759773254395,0.5768532156944275,2.322219294733919
2.1409788131713867,0.5950213074684143,1.9863675832748413,0.4771023094654083,1.9605292081832886,0.6885369420051575,2.3010299956639813
2.0870981216430664,0.6019231677055359,2.0503242015838623,0.4739612638950348,2.091893434524536,0.581699550151825,2.278753600952829
2.1807379722595215,0.5571159720420837,2.1514108180999756,0.7277858257293701,2.0854434967041016,0.5812540054321289,2.3010299956639813
2.168059825897217,0.53819340467453,2.169992208480835,0.5611358284950256,2.201719284057617,0.7103689908981323,2.146128035678238
2.1495769023895264,0.5309538841247559,2.0893969535827637,0.7318657636642456,2.0864720344543457,0.5908742547035217,2.146128035678238
2.169240951538086,0.5726978778839111,2.0995757579803467,0.7274089455604553,2.1412360668182373,0.5801346898078918,2.041392685158225
2.2624969482421875,0.7674287557601929,2.279630661010742,0.4833683371543884,2.3874292373657227,0.7617467641830444,2.322219294733919
2.3295860290527344,0.7031267285346985,2.3779828548431396,0.5333971977233887,2.3251845836639404,0.7096090316772461,2.113943352306837
2.1666085720062256,0.6959590315818787,2.208268165588379,0.5485180020332336,2.3917500972747803,0.5665632486343384,2.1760912590556813
2.3451547622680664,0.5760221481323242,2.2669262886047363,0.640991747379303,2.275635242462158,0.7174326181411743,2.0791812460476247
2.4351799488067627,0.7722464799880981,2.4393343925476074,0.485001802444458,2.5213024616241455,0.7242770791053772,2.6232492903979003
2.5036444664001465,0.5790590643882751,2.5074968338012695,0.5602931976318359,2.6201958656311035,0.5923181176185608,2.342422680822206
2.372549533843994,0.5607695579528809,2.428525924682617,0.567954421043396,2.577791452407837,0.5652449131011963,2.3010299956639813
2.4543540477752686,0.588098406791687,2.4332380294799805,0.7155168056488037,2.5608482360839844,0.5720043778419495,2.1760912590556813
1.0095720291137695,1.0354300737380981,1.057021141052246,1.1800354719161987,1.0900685787200928,1.0652304887771606,0.8860392755664424
0.5536309480667114,1.632619023323059,0.7233256697654724,1.5137892961502075,1.0563390254974365,1.501078724861145,1.5228744023138037
1.2127032279968262,0.5747747421264648,1.1316620111465454,0.5874059200286865,1.3985992670059204,0.5198490023612976,0.6989700043360189
1.6357347965240479,0.4815949499607086,1.1670799255371094,0.5867950320243835,1.3722281455993652,0.5140801072120667,0.8450980400142568
1.818237543106079,0.49292102456092834,1.6849541664123535,0.4898843765258789,1.3102762699127197,0.5476128458976746,1.0086001717619175
1.4009525775909424,0.574061930179596,1.8001856803894043,0.48820385336875916,1.4133903980255127,0.5448537468910217,1.2041199826559248
2.185232400894165,0.49001801013946533,2.115562915802002,0.44955724477767944,2.1203267574310303,0.476472407579422,1.287801729930226
2.6649811267852783,0.5169664621353149,2.763882875442505,0.4613451361656189,3.0253453254699707,0.6807719469070435,1.7403626894942439
0.6769702434539795,0.424856960773468,0.5832768678665161,0.4535443186759949,0.733708918094635,0.5093713998794556,0.8129133566428556
0.6438359022140503,0.493716299533844,0.6254538297653198,0.45758387446403503,0.6736571788787842,0.49065524339675903,0.6989700043360189
0.7360419631004333,0.45101627707481384,0.663374125957489,0.45744338631629944,0.7346169352531433,0.5092667937278748,0.6989700043360189
0.69773930311203,0.41824308037757874,0.7559762001037598,0.4367137551307678,0.7267037630081177,0.4745481014251709,0.8325089127062363
0.7737888097763062,0.4623795747756958,0.7512755990028381,0.43373364210128784,0.8161603212356567,0.448855459690094,0.7403626894942439
0.6989995241165161,0.4569142758846283,0.757594883441925,0.43361273407936096,0.8506685495376587,0.47240781784057617,0.7075701760979364
0.714572548866272,0.45228898525238037,0.6528128981590271,0.4589548110961914,0.7668169140815735,0.4907562732696533,0.8195439355418687
0.7189299464225769,0.4538608193397522,0.6607558727264404,0.4558473229408264,0.6748543977737427,0.43687063455581665,0.724275869600789
0.6940749287605286,0.4468567371368408,0.6986172795295715,0.4546865224838257,0.763594388961792,0.4356393814086914,0.568201724066995
0.763868510723114,0.46525734663009644,0.773663341999054,0.46817746758461,0.8354254961013794,0.5090438723564148,0.8750612633917001
0.7251144647598267,0.463575154542923,0.7265124320983887,0.44586607813835144,0.8396642804145813,0.49489107728004456,0.8129133566428556
0.7873287796974182,0.45895111560821533,0.7324941754341125,0.4467141926288605,0.8389853835105896,0.4948984682559967,0.7160033436347992
0.8142536282539368,0.4627690017223358,1.0325123071670532,0.5058130025863647,1.0016682147979736,0.5081217288970947,1.0606978403536118
0.7567761540412903,0.45071500539779663,0.8339569568634033,0.43441271781921387,0.7502910494804382,0.4447546899318695,0.8750612633917001
0.7772501111030579,0.4476335942745209,0.8401984572410583,0.4349409341812134,0.8369302153587341,0.46712639927864075,0.7923916894982539
0.8183370232582092,0.4677952229976654,0.7613664865493774,0.49828532338142395,0.8406544327735901,0.49821266531944275,1.0718820073061255
0.8108223080635071,0.4660070240497589,0.7970187664031982,0.4709835946559906,0.8404281735420227,0.49819621443748474,1.0606978403536118
0.8060289025306702,0.4712594449520111,0.8072296380996704,0.4973881244659424,0.8396925926208496,0.4981616735458374,0.7160033436347992
0.8733330965042114,0.4932578504085541,0.8289067149162292,0.4334716200828552,0.8720000386238098,0.49070030450820923,0.8388490907372553
0.7635153532028198,0.42243725061416626,0.7875624895095825,0.4324597418308258,0.7712750434875488,0.4637722373008728,0.8260748027008264
0.786866307258606,0.4233435392379761,0.7934869527816772,0.43149441480636597,0.8154457807540894,0.423911452293396,0.5185139398778874
0.9043970704078674,0.45446544885635376,0.9933430552482605,0.45404133200645447,0.8596661686897278,0.47225338220596313,0.8573324964312685
0.9907452464103699,0.4584434926509857,0.9168325066566467,0.43374282121658325,0.9485817551612854,0.4940128028392792,0.8325089127062363
1.0112757682800293,0.45624974370002747,0.9231129288673401,0.43394699692726135,1.0078376531600952,0.5118345022201538,0.6989700043360189
1.0769379138946533,0.497557133436203,1.0089669227600098,0.43798813223838806,1.0833873748779297,0.45343324542045593,0.8633228601204559
1.049079179763794,0.46695199608802795,0.9912116527557373,0.4699661433696747,1.1342723369598389,0.5129134058952332,0.8325089127062363
1.0369091033935547,0.45704853534698486,1.0815510749816895,0.4547778069972992,1.0497121810913086,0.4458983242511749,0.6989700043360189
0.9879084825515747,0.4489265978336334,0.9184896349906921,0.45824024081230164,1.0109620094299316,0.42804133892059326,0.9138138523837167
0.9929397106170654,0.45210394263267517,0.9835473895072937,0.43125274777412415,1.0000239610671997,0.4238877594470978,0.7558748556724915
1.013357162475586,0.4497426450252533,1.1436703205108643,0.5034996867179871,1.1071772575378418,0.5088825225830078,0.6434526764861874
0.9913156628608704,0.4683200418949127,1.007090449333191,0.4539456367492676,1.0064637660980225,0.4752729833126068,0.8692317197309762
0.9836331009864807,0.45199355483055115,1.005715012550354,0.4512043595314026,1.0238115787506104,0.43861544132232666,0.8450980400142568
1.0441874265670776,0.495448499917984,1.011739730834961,0.45164239406585693,1.1139382123947144,0.4971869885921478,0.7481880270062005
1.2712159156799316,0.49604687094688416,1.058520793914795,0.46194204688072205,0.9739859104156494,0.47338125109672546,0.8808135922807914
1.0729269981384277,0.46117082238197327,1.0479600429534912,0.4486565589904785,1.065303921699524,0.43233269453048706,0.8750612633917001
1.1305015087127686,0.44493168592453003,1.3139805793762207,0.5074037313461304,1.042432427406311,0.43105754256248474,0.8061799739838872
1.0146241188049316,0.4798096716403961,1.2030038833618164,0.521064817905426,1.0686061382293701,0.49239450693130493,1.0791812460476249
1.1129193305969238,0.505098283290863,1.0773029327392578,0.47833767533302307,1.1155791282653809,0.4989734888076782,0.8692317197309762
1.0126726627349854,0.4344865083694458,1.2034311294555664,0.5210286378860474,1.1262184381484985,0.45496517419815063,0.7481880270062005
1.2277458906173706,0.46575927734375,1.1121208667755127,0.4660429060459137,1.2403674125671387,0.49577686190605164,1.173186268412274
1.2481520175933838,0.4622895121574402,1.3349473476409912,0.5079971551895142,1.2902945280075073,0.4756849706172943,0.9493900066449128
0.8094475269317627,0.5113166570663452,1.0739467144012451,0.9811307787895203,0.8501600027084351,0.5114099383354187,0.24551266781414982
0.537129282951355,0.9448185563087463,0.5112471580505371,0.6850099563598633,0.6996988654136658,0.9611977934837341,0.08990511143939793
0.9787321090698242,0.5085111260414124,0.5753850936889648,0.6435396671295166,0.7937346696853638,0.9399170279502869,0.021189299069938092
1.8531746864318848,0.7866420149803162,1.7491471767425537,0.9182146191596985,0.9837465286254883,0.5111238360404968,2.2174839442139063
1.7609633207321167,0.873076856136322,1.8314307928085327,0.9249725341796875,0.9365583658218384,0.5396625995635986,2.1760912590556813
0.829520583152771,0.5687505006790161,1.1187763214111328,0.4952343702316284,1.052088975906372,0.4972003996372223,2.1760912590556813
1.828312635421753,0.8416959643363953,1.9128283262252808,0.8096811771392822,1.1662148237228394,0.5225733518600464,2.0791812460476247
0.9867409467697144,0.7778720259666443,0.9963010549545288,0.7726863026618958,1.0779428482055664,0.8698468208312988,1.6127838567197355
1.0805162191390991,0.8640061020851135,1.0417366027832031,0.5140731930732727,0.783305823802948,0.763109564781189,1.6020599913279625
0.7266822457313538,0.533453106880188,0.8363537192344666,0.4753841161727905,1.0778682231903076,0.5031352043151855,1.6020599913279625
1.6651654243469238,0.8841062784194946,1.7279781103134155,0.9224591851234436,0.9886690378189087,0.5110468864440918,2.060697840353612
1.8320773839950562,0.778520405292511,1.7560030221939087,0.8794393539428711,1.8185487985610962,0.7899304032325745,2.255272505103306
1.8683593273162842,0.7575066089630127,1.8535206317901611,0.4702952802181244,1.2120487689971924,0.5135530829429626,1.7781512503836436
1.9556269645690918,0.7755576968193054,2.010349988937378,0.8144999742507935,1.931864857673645,0.7254209518432617,1.9030899869919435
2.1428892612457275,0.8508777618408203,2.0227527618408203,0.8664823770523071,1.4578911066055298,0.50917649269104,2.3979400086720375
1.830732822418213,0.5142391324043274,2.3153059482574463,0.47576403617858887,2.3507046699523926,0.7435731291770935,2.8260748027008264
2.031700849533081,0.47551143169403076,2.1223161220550537,0.4979183077812195,1.9543402194976807,0.5061870217323303,2.0
1.9572694301605225,0.5586414337158203,2.178004503250122,0.4573141038417816,2.1205830574035645,0.49047741293907166,2.5563025007672873
2.0998828411102295,0.5117143392562866,2.183676242828369,0.4566021263599396,2.089848041534424,0.5088453888893127,2.4913616938342726
2.2217016220092773,0.5199604034423828,2.1536142826080322,0.5136913061141968,2.289539337158203,0.5227780938148499,2.4471580313422194
2.2633681297302246,0.47962686419487,2.2333853244781494,0.5008538961410522,2.1569430828094482,0.5160288214683533,2.342422680822206
2.2373104095458984,0.5005380511283875,2.28505802154541,0.49684858322143555,2.1813323497772217,0.49540120363235474,2.3010299956639813
2.2043497562408447,0.47492361068725586,2.28505802154541,0.49684858322143555,2.125229597091675,0.5131995677947998,2.3010299956639813
2.2373104095458984,0.5005380511283875,2.05324125289917,0.5206162929534912,2.119720935821533,0.5052800178527832,2.2865462835166968
2.121332883834839,0.4757777154445648,2.027801513671875,0.5161906480789185,2.15334153175354,0.46468544006347656,2.1825002473792
1.9764869213104248,0.5187795162200928,2.000872850418091,0.5147887468338013,2.1400017738342285,0.442448228597641,2.041392685158225
2.1132421493530273,0.5442420840263367,2.367753028869629,0.5047716498374939,2.177283763885498,0.5164042115211487,2.041392685158225
2.1716067790985107,0.49278730154037476,2.1508498191833496,0.4460923671722412,2.0818848609924316,0.4981786012649536,1.9138138523837167
2.3402113914489746,0.4765591323375702,2.2573952674865723,0.47442689538002014,2.339524269104004,0.4508354067802429,2.4228359687795225
2.4066011905670166,0.47944730520248413,2.4015631675720215,0.5058270692825317,2.332240581512451,0.5092468857765198,2.6354535864286435
2.4195525646209717,0.49917852878570557,2.214055299758911,0.5269451141357422,2.397144079208374,0.5240797400474548,2.699681663884886
2.152675151824951,0.5859688520431519,2.317772150039673,0.5332856774330139,2.2831666469573975,0.5898648500442505,2.831146414079443
0.71820068359375,0.4941803812980652,0.6445143222808838,0.5213927626609802,0.7560632228851318,0.5071401596069336,1.0791812460476249
0.8097936511039734,0.5160742402076721,0.6547419428825378,0.5212048888206482,0.7646142840385437,0.5069175362586975,0.6020599913279624
0.8215916156768799,0.5159606337547302,0.6675783395767212,0.5209838151931763,0.8580760359764099,0.5086557865142822,0.3010299956639812
0.8368396759033203,0.5158376097679138,0.8182623982429504,0.4452410936355591,0.5970472097396851,0.5039447546005249,0.6020599913279624
0.8210271000862122,0.5248655676841736,0.7069613933563232,0.520411491394043,0.794546902179718,0.48022767901420593,0.7634279935629373
0.857709527015686,0.5157169103622437,0.7559535503387451,0.4855386018753052,0.8082033395767212,0.5059385299682617,0.8260748027008264
0.761905312538147,0.4834844470024109,0.6443525552749634,0.5213990807533264,0.5573842525482178,0.5047650933265686,0.8061799739838872
0.815174400806427,0.48290884494781494,0.7559535503387451,0.4855386018753052,0.9007158875465393,0.507925808429718,0.7781512503836436
0.7275940775871277,0.49414438009262085,0.7051775455474854,0.4870529770851135,0.6657108664512634,0.5205519199371338,0.7781512503836436
0.7702051401138306,0.5264441967010498,0.7349370718002319,0.4977477490901947,0.832635760307312,0.509188175201416,0.7781512503836436
0.7390872240066528,0.49411895871162415,0.8093790411949158,0.48141035437583923,0.6783837080001831,0.52019864320755,0.6989700043360189
0.7788494229316711,0.5261529684066772,0.7442356944084167,0.49754244089126587,0.5678799152374268,0.5045281052589417,0.6989700043360189
0.8025683760643005,0.5253978967666626,0.7339780330657959,0.48614490032196045,0.8763649463653564,0.5083181262016296,0.6812412373755872
0.7408376336097717,0.505183219909668,0.8043548464775085,0.44476622343063354,0.7750334143638611,0.5066598057746887,0.3010299956639812
0.7889173030853271,0.52582848072052,0.8093790411949158,0.48141035437583923,0.7613970041275024,0.4805876314640045,0.3010299956639812
2.4334700107574463,0.8236749768257141,2.4869027137756348,0.8598682880401611,2.3365578651428223,0.7704700827598572,3.1958074358152864
2.3678247928619385,0.8973132371902466,2.3124749660491943,0.8734235167503357,2.0702617168426514,0.7458159327507019,3.1958074358152864
2.0581517219543457,0.9794263243675232,2.2665843963623047,1.0070033073425293,2.052966833114624,0.8403454422950745,2.334740887721888
2.0616021156311035,0.9331241250038147,2.175698757171631,0.7511441707611084,2.0008318424224854,0.77060866355896,1.9062951290625774
1.9546315670013428,0.888145923614502,2.053626298904419,0.49860337376594543,2.029944658279419,0.8382528424263,1.9062951290625774
1.9796535968780518,0.8938446640968323,2.1190505027770996,0.757332980632782,1.8787084817886353,0.7493565678596497,1.834228891383931
2.1844046115875244,0.8400172591209412,2.1473441123962402,0.8674188256263733,2.196654796600342,0.8385264873504639,1.754670152523498
2.523566246032715,0.8925379514694214,2.5031356811523438,0.5070950388908386,2.688917636871338,0.8237512707710266,2.967079734144497
2.7731516361236572,0.8614463806152344,2.91298770904541,0.8145069479942322,2.7196359634399414,0.8151119947433472,2.949877704036875
2.8946683406829834,0.7471505403518677,2.8776016235351562,0.8275412917137146,2.720456600189209,0.8013631105422974,2.661812685537261
2.608360528945923,0.7375185489654541,2.5746302604675293,0.8895188570022583,2.699312210083008,0.8204952478408813,2.298853076409707
2.387007474899292,0.9004839658737183,2.445051908493042,0.8077427744865417,2.508193016052246,0.8019797205924988,1.8916346250702947
0.489607572555542,0.42764803767204285,0.5226297378540039,0.4506688416004181,0.5029760599136353,0.46846285462379456,0.9030899869919435
0.7662044167518616,0.4990757405757904,0.5176358222961426,0.4601256847381592,0.5097548961639404,0.44003644585609436,0.6989700043360189
0.637376070022583,0.44652634859085083,0.6802486181259155,0.4315290153026581,0.7594151496887207,0.5077774524688721,0.6989700043360189
0.7584120631217957,0.4231738746166229,0.8097033500671387,0.44798409938812256,0.8732165694236755,0.4913369417190552,0.9030899869919435
1.2382423877716064,0.45894938707351685,1.3277102708816528,0.5079696774482727,1.2663155794143677,0.5116795301437378,1.1139433523068367
1.3096508979797363,0.5320383906364441,1.053990364074707,0.5171061754226685,1.1186060905456543,0.5190842151641846,1.3979400086720377
1.8866297006607056,0.7281025052070618,1.5781950950622559,0.6643703579902649,1.5070595741271973,0.5199697613716125,0.49968708261840383
1.92402982711792,0.7278414964675903,1.7254492044448853,0.7572327256202698,1.5129281282424927,0.6388282775878906,1.0314488618593833
1.7638144493103027,0.5126201510429382,1.6921263933181763,0.5149590969085693,1.7719693183898926,0.5155434608459473,1.2242481009625932
2.6495437622070312,0.6182165741920471,2.0901126861572266,0.5139160752296448,2.033803939819336,0.5151156187057495,1.6989700043360187
2.373929500579834,0.73626708984375,2.0295634269714355,0.577238917350769,2.046894073486328,0.516174852848053,1.623817637311556
2.7327780723571777,1.0458475351333618,2.216508626937866,0.5563889145851135,2.72554874420166,0.8370296955108643,2.758172248053806
2.5523946285247803,1.0697722434997559,2.460920810699463,0.8515447974205017,2.544821262359619,0.8296402096748352,2.70895422526236
2.292943000793457,0.7539556622505188,2.805527687072754,0.6961095333099365,2.62504243850708,0.948747992515564,2.6989700043360187
2.13932204246521,1.0580312013626099,1.7405719757080078,0.5436991453170776,2.2640485763549805,0.6897311210632324,2.3717120565379637
2.5383965969085693,0.5473037362098694,3.149060010910034,0.6735919117927551,3.1402931213378906,0.8501895070075989,3.295541529929717
2.824418544769287,0.7598881721496582,3.372591018676758,0.6818024516105652,2.858767509460449,0.5790801644325256,2.9542425094393248
3.3494153022766113,0.8431525826454163,3.434417486190796,0.685070276260376,2.6930723190307617,0.5481753945350647,2.9342635071094874
2.3203139305114746,0.5394119024276733,2.686990976333618,0.9549002051353455,2.183647871017456,0.5376430749893188,2.7503469106520897
1.0052378177642822,0.8312078714370728,1.1010751724243164,0.5908676981925964,1.020336627960205,0.7291908264160156,0.47712125471966244
0.6133865118026733,0.9265974164009094,1.006244421005249,0.7784129977226257,0.9896889925003052,0.7923896908760071,0.6020599913279624
0.6630533337593079,0.9257493615150452,1.1605125665664673,0.6430554986000061,1.008415699005127,0.7806485891342163,0.7781512503836436
0.7717670202255249,0.9243292808532715,1.0626697540283203,0.7747820019721985,1.1102322340011597,0.780802845954895,1.0
1.1549584865570068,0.921768069267273,1.323072075843811,0.791621208190918,1.3857996463775635,0.7963874340057373,1.9912260756924949
2.1411681175231934,0.5736408829689026,2.2762508392333984,0.4977373778820038,2.572664737701416,0.6010791659355164,2.6225816587732296
1.280771255493164,0.5241483449935913,1.7802016735076904,0.6949729919433594,1.2761262655258179,0.5120799541473389,1.9822712330395684
0.7466018795967102,0.5521194338798523,0.7834933996200562,0.5847653746604919,0.8469066023826599,0.502028226852417,0.7558748556724915
1.2818228006362915,0.5683953166007996,1.1389379501342773,1.0061392784118652,0.9581438899040222,0.5446625351905823,-0.2006594505464183
0.6704118251800537,0.9781596660614014,1.1414244174957275,1.0061228275299072,0.8097904920578003,0.897759735584259,-0.6841261751528591
0.6749151349067688,0.9781200289726257,0.2554206848144531,0.6830697059631348,1.0217924118041992,0.5503289103507996,1.1916186633694683
0.12017858028411865,0.8668216466903687,1.1555862426757812,1.0060336589813232,0.14369618892669678,0.9046590328216553,1.7007902213743469
1.1099627017974854,0.5029544830322266,1.3451488018035889,0.47266578674316406,1.2560063600540161,0.5223779082298279,0.43136376415898736
1.2387406826019287,0.494697242975235,1.2896560430526733,0.43865787982940674,1.2399712800979614,0.4994297921657562,0.5976951859255123
1.1705797910690308,0.4923532009124756,1.3040701150894165,0.5140628218650818,1.3611549139022827,0.5200352072715759,0.8000293592441343
1.4546374082565308,0.46589139103889465,1.547197699546814,0.46723419427871704,1.481793999671936,0.5185148119926453,1.3384564936046048
1.6847684383392334,0.49325457215309143,1.7349064350128174,0.469236820936203,1.7710610628128052,0.49187198281288147,1.1958996524092338
2.0259265899658203,0.9325961470603943,1.8171719312667847,0.676508367061615,1.721355676651001,0.9379879236221313,1.0791812460476249
0.5367739200592041,0.6804942488670349,1.3085490465164185,0.4678384065628052,1.4973526000976562,0.5574595332145691,1.0433428227646813
1.4336994886398315,0.5076054930686951,0.6222503185272217,0.6440994739532471,1.5655354261398315,0.5337438583374023,1.0911966803912403
1.3911532163619995,0.5725000500679016,1.3682712316513062,0.4667307138442993,1.7149078845977783,0.5291432738304138,0.9137089734924423
1.3550381660461426,0.5921618938446045,1.1584148406982422,0.4790806770324707,1.7727620601654053,0.5374205708503723,0.4742451189255232
1.6377723217010498,0.5250694751739502,1.730057716369629,0.5074213147163391,1.909505844116211,0.5285004377365112,0.7515534544607227
0.697860062122345,0.652311384677887,1.5363034009933472,0.5324851870536804,1.6824454069137573,0.5731794238090515,0.30317466626995204
2.086930274963379,0.5234761834144592,1.9019451141357422,0.5163818001747131,1.9897760152816772,0.5330710411071777,0.692907962872534
1.6036529541015625,0.5811269879341125,1.9369711875915527,0.5451065897941589,1.8687430620193481,0.5768276453018188,0.22098782005028048
2.231450080871582,0.5283424854278564,1.2859992980957031,0.6872866749763489,2.088773012161255,0.5850724577903748,0.7083283371027844
1.8885619640350342,0.5848064422607422,2.191559314727783,0.5633736252784729,2.009993076324463,0.5425588488578796,0.5650524972024342
2.4057180881500244,0.537427544593811,1.8162864446640015,0.6126633286476135,1.901637315750122,0.5863027572631836,2.482873583608754
1.3647887706756592,0.5016001462936401,1.0635513067245483,0.4619714319705963,1.130345344543457,0.4458458721637726,0.9084850188786497
1.1070687770843506,0.4691322445869446,1.4261614084243774,0.5198701024055481,1.4049290418624878,0.5213342905044556,0.8325089127062363
1.1665019989013672,0.440970242023468,1.4263427257537842,0.5169222950935364,1.1811842918395996,0.48113057017326355,0.7403626894942439
1.1382510662078857,0.46187013387680054,1.1378569602966309,0.4597374498844147,1.1922727823257446,0.47225114703178406,0.3222192947339193
1.1710312366485596,0.46041205525398254,1.102236270904541,0.46101224422454834,1.1730235815048218,0.44531139731407166,0.9777236052888477
1.1448997259140015,0.45803597569465637,1.1342625617980957,0.47834715247154236,1.178910255432129,0.47355976700782776,0.9444826721501687
1.1967055797576904,0.4413241446018219,1.1013832092285156,0.4613446295261383,1.444000482559204,0.507914125919342,0.7993405494535817
1.1398603916168213,0.46994560956954956,1.2107493877410889,0.4373273551464081,1.225599765777588,0.47211742401123047,0.5797835966168101
1.2015472650527954,0.4655875861644745,1.2382084131240845,0.4353736340999603,1.4910755157470703,0.5066429972648621,1.2174839442139063
1.235079050064087,0.4615662693977356,1.2306113243103027,0.459041565656662,1.5071396827697754,0.5206519365310669,1.1139433523068367
1.2061634063720703,0.4583994448184967,1.5353063344955444,0.5172132253646851,1.507172703742981,0.5074089169502258,1.0
1.2500067949295044,0.4424908459186554,1.182546615600586,0.47625142335891724,1.2707810401916504,0.47196412086486816,0.6020599913279624
1.3488080501556396,0.46277177333831787,1.3650987148284912,0.4367328882217407,1.6249732971191406,0.5081358551979065,1.6972293427597176
1.3157274723052979,0.4577729105949402,1.27377450466156,0.45860594511032104,1.3361341953277588,0.4757032096385956,1.4756711883244296
1.352205753326416,0.44604143500328064,1.365772008895874,0.4356463551521301,1.6305831670761108,0.5189743041992188,1.4668676203541096
1.301564335823059,0.46719497442245483,1.6553261280059814,0.5162732005119324,1.3711121082305908,0.4456042945384979,1.1613680022349748
1.5619453191757202,0.47292986512184143,1.5444523096084595,0.4632716774940491,1.6145440340042114,0.4926973581314087,2.7514330818193473
1.6140187978744507,0.46257251501083374,1.5716707706451416,0.48099738359451294,1.6302878856658936,0.4856274425983429,2.71121652432109
1.8393738269805908,0.4983779191970825,1.5393187999725342,0.46178388595581055,1.63314950466156,0.49160879850387573,1.888179493918325
1.606430172920227,0.46337246894836426,1.6206274032592773,0.43430477380752563,1.6215362548828125,0.4857698678970337,1.2695129442179163
3.606532096862793,0.768098771572113,3.7760367393493652,0.7446563243865967,3.593832015991211,0.7796979546546936,3.4648867983522846
3.676220655441284,0.8030197024345398,3.3941526412963867,0.8333771824836731,3.5639853477478027,0.7835381031036377,3.129593598631454
2.916109085083008,0.8090855479240417,3.239386558532715,0.7055352330207825,3.2944655418395996,0.7803708910942078,3.043881485530335
3.576253890991211,0.6726807355880737,3.3868141174316406,0.7138202786445618,3.6042113304138184,0.7694172263145447,3.252908802698647
2.882293462753296,0.8513234853744507,2.942586660385132,0.8228760361671448,3.295201301574707,0.7931511998176575,3.0110889721802105
3.6780903339385986,0.8089722990989685,3.723951816558838,0.8364397287368774,3.59381365776062,0.8092509508132935,2.9756166540720357
3.386617660522461,0.7811447381973267,3.6387104988098145,0.778797447681427,3.4128036499023438,0.9987111687660217,3.1727505157617624
3.782221555709839,1.1130279302597046,3.531599998474121,1.1713786125183105,3.4400434494018555,1.1409286260604858,3.0110889721802105
3.015872001647949,1.136659026145935,2.903872013092041,1.1627637147903442,2.9918601512908936,1.0166949033737183,2.9369872517800037
2.069215774536133,0.9344362020492554,1.6462022066116333,0.5732215046882629,2.305617094039917,0.9661611914634705,2.9836262871245345
1.4276684522628784,0.5027557611465454,1.1540991067886353,0.5034850835800171,1.1137034893035889,0.4882897138595581,1.041392685158225
0.957025408744812,0.4794970154762268,0.8820053339004517,0.43656274676322937,1.1713694334030151,0.5224277973175049,0.6020599913279624
1.1848748922348022,0.47800081968307495,1.5537679195404053,0.5153760313987732,1.1682103872299194,0.48666632175445557,1.2304489213782739
1.1593704223632812,0.5034209489822388,0.8855852484703064,0.46087372303009033,1.1938016414642334,0.49960857629776,0.8450980400142568
1.167889952659607,0.47277891635894775,1.3215317726135254,0.5005085468292236,1.6665585041046143,0.5150366425514221,1.4771212547196624
1.2811369895935059,0.5025391578674316,0.8949984312057495,0.4597356915473938,1.110882043838501,0.4831686019897461,1.0791812460476249
1.3549787998199463,0.47594815492630005,1.3937128782272339,0.47503384947776794,1.7549669742584229,0.5039357542991638,1.3979400086720377
1.0324511528015137,0.4548896253108978,1.1721985340118408,0.5024224519729614,1.1862983703613281,0.4902777075767517,0.9542425094393249
1.2987375259399414,0.48058754205703735,1.7740190029144287,0.519159197807312,1.3183603286743164,0.4569525718688965,1.146128035678238
1.288209319114685,0.44689440727233887,1.5017621517181396,0.5243796110153198,1.157265067100525,0.47706255316734314,0.7781512503836436
1.3991844654083252,0.4746503233909607,1.4240245819091797,0.5002158880233765,1.3832875490188599,0.45446696877479553,1.6989700043360187
1.0488756895065308,0.4570363759994507,1.19066321849823,0.489178329706192,1.4628448486328125,0.5199405550956726,1.4913616938342726
1.5891417264938354,0.4631921947002411,1.5077767372131348,0.5091975927352905,1.441312551498413,0.4809364080429077,1.5797835966168101
1.149563193321228,0.47174009680747986,1.666440725326538,0.5220692753791809,1.589867115020752,0.5238320231437683,1.3010299956639813
1.3602895736694336,0.47561323642730713,1.3481217622756958,0.47675204277038574,1.758616328239441,0.503009021282196,1.3222192947339193
1.3836338520050049,0.44580256938934326,1.6092045307159424,0.5240683555603027,1.562184453010559,0.52616947889328,1.0791812460476249
1.430538535118103,0.4776284396648407,1.954569935798645,0.5163819789886475,1.9394586086273193,0.5168837308883667,1.8864907251724818
1.2257063388824463,0.4601195752620697,1.3672943115234375,0.49279043078422546,1.3672932386398315,0.4843672215938568,1.7160033436347992
1.5753724575042725,0.4794144630432129,1.5307115316390991,0.4783232808113098,1.6872097253799438,0.4859846234321594,1.7403626894942439
1.584858775138855,0.45834073424339294,1.8396704196929932,0.5228757858276367,1.3204108476638794,0.4523748755455017,1.5563025007672873
2.003293991088867,0.5048931241035461,1.5200631618499756,0.4805232882499695,1.9282729625701904,0.502423882484436,1.5563025007672873
1.4052022695541382,0.4738491177558899,1.3561766147613525,0.4366464614868164,1.7290279865264893,0.5269882082939148,1.3010299956639813
2.405304193496704,0.5137488842010498,2.2320985794067383,0.5231003165245056,2.325900077819824,0.5162832736968994,2.103803720955957
2.42679500579834,0.5022185444831848,2.843123435974121,0.5005128383636475,2.552976608276367,0.5133311152458191,2.999130541287371
2.4134294986724854,0.5174211859703064,2.4230127334594727,0.5429187417030334,2.5606722831726074,0.5768378973007202,2.0569048513364727
2.618682384490967,0.519257128238678,2.6090989112854004,0.5795952081680298,2.557476282119751,0.5068547129631042,1.4471580313422192
1.7954601049423218,0.5095391273498535,1.6171925067901611,0.5242146253585815,1.4587242603302002,0.4973694682121277,1.6989700043360187
2.015363931655884,0.49738219380378723,1.93766188621521,0.5033889412879944,1.9495675563812256,0.508150577545166,1.4771212547196624
1.7371976375579834,0.48023077845573425,1.7645306587219238,0.48247572779655457,1.723361849784851,0.4880318343639374,1.146128035678238
1.6079174280166626,0.5270205140113831,1.5768725872039795,0.5239613652229309,1.6532918214797974,0.5074501037597656,1.9344984512435677
2.1204276084899902,0.49695974588394165,2.1327078342437744,0.4417082369327545,1.9786736965179443,0.47612395882606506,1.662757831681574
1.7852264642715454,0.4994121789932251,1.8671417236328125,0.4829429090023041,1.8184144496917725,0.48756036162376404,1.255272505103306
1.699678897857666,0.4956434965133667,1.7350738048553467,0.5311770439147949,1.823089838027954,0.5093654990196228,2.322219294733919
2.1810648441314697,0.4789411425590515,2.16206955909729,0.4881328344345093,2.2941412925720215,0.47355443239212036,1.8864907251724818
1.9365195035934448,0.49217113852500916,1.971294641494751,0.5042096376419067,1.9996782541275024,0.5011876225471497,1.7708520116421442
1.9486793279647827,0.5293670296669006,2.048056125640869,0.5292566418647766,1.8771497011184692,0.5214256644248962,2.164352855784437
2.3659157752990723,0.4869895577430725,2.4550418853759766,0.4438613951206207,2.456421136856079,0.47929325699806213,1.7708520116421442
2.1800806522369385,0.4824981093406677,2.0963656902313232,0.5087558627128601,2.157519578933716,0.4892910122871399,1.505149978319906
1.1742172241210938,0.45822104811668396,1.1327725648880005,0.48003146052360535,1.096908688545227,0.4720799922943115,0.6961949619737903
1.424620509147644,0.5035367012023926,1.1258862018585205,0.4355059266090393,1.1505972146987915,0.45498692989349365,0.8305933515989188
1.1670629978179932,0.44737622141838074,1.411214828491211,0.5139280557632446,1.036888837814331,0.4757317304611206,0.797579815793672
1.424620509147644,0.5035367012023926,1.1258862018585205,0.4355059266090393,1.036888837814331,0.4757317304611206,0.797579815793672
1.0050383806228638,0.46785053610801697,1.10520601272583,0.44044193625450134,1.3510727882385254,0.5138712525367737,0.7436195787442547
1.1836999654769897,0.45828354358673096,1.144010305404663,0.47976866364479065,1.1531485319137573,0.5052129626274109,0.9887917815307437
1.026069164276123,0.4659983515739441,1.1371558904647827,0.4682166576385498,1.1705865859985352,0.48037928342819214,1.0801263997448851
1.0379598140716553,0.4663291573524475,1.1371558904647827,0.4682166576385498,1.160231351852417,0.4549047350883484,1.0508370135649823
1.0643614530563354,0.4656738042831421,0.9778071045875549,0.46944931149482727,1.160231351852417,0.4549047350883484,1.0458367464142944
1.141679048538208,0.4523327946662903,1.3653326034545898,0.5118820667266846,1.0875768661499023,0.470811665058136,1.0215842860140794
0.9947531819343567,0.4868353009223938,1.211517095565796,0.47844576835632324,1.1637994050979614,0.4927128553390503,1.0941349531626912
1.039523720741272,0.4658048152923584,1.1470065116882324,0.43492448329925537,1.1725281476974487,0.4548260271549225,1.239856395556882
1.1883448362350464,0.4470343291759491,1.151423692703247,0.4678286015987396,1.4093732833862305,0.5004688501358032,1.2302819158169285
1.0512962341308594,0.46609678864479065,1.4372888803482056,0.5132903456687927,1.1827025413513184,0.4800989031791687,1.1555354937858646
1.4064698219299316,0.5022467374801636,1.0869094133377075,0.48132774233818054,1.099907398223877,0.4706621766090393,1.1263196365340924
1.0123796463012695,0.4868070185184479,1.1685540676116943,0.4502044916152954,1.1348466873168945,0.4724375903606415,1.2354641059591605
1.0574195384979248,0.4655851721763611,1.0079684257507324,0.4690859913825989,1.085872769355774,0.4746510982513428,1.430205792067269
1.0574195384979248,0.4655851721763611,1.1628823280334473,0.43482398986816406,1.085872769355774,0.4746510982513428,1.3804753391098448
1.0689762830734253,0.4658347964286804,1.1929986476898193,0.4685336649417877,1.085872769355774,0.4746510982513428,1.3764099587970406
1.1694517135620117,0.45192772150039673,0.9968876838684082,0.48175013065338135,1.1157971620559692,0.4878365397453308,1.3604028425674604
1.056706428527832,0.4767439365386963,1.2522648572921753,0.478311687707901,1.2221676111221313,0.5185775756835938,1.3746432963453468
1.0820980072021484,0.4653549790382385,1.0315353870391846,0.46889737248420715,1.1149914264678955,0.47415074706077576,1.5817214203849028
1.0933640003204346,0.4655483365058899,1.0315353870391846,0.46889737248420715,1.221282958984375,0.47936367988586426,1.5279582682846446
1.0933640003204346,0.4655483365058899,1.0315353870391846,0.46889737248420715,1.4551469087600708,0.4995028078556061,1.5007691607550182
1.19125235080719,0.4516937732696533,1.0209951400756836,0.4815773367881775,1.1386148929595947,0.47037333250045776,1.4743461977881533
1.1579647064208984,0.466749370098114,1.1246681213378906,0.47244882583618164,1.327596664428711,0.5186552405357361,1.6911547233885742
1.6105622053146362,0.5011747479438782,1.2966914176940918,0.46599578857421875,1.3085800409317017,0.47851282358169556,1.8487323228597905
1.178691029548645,0.4652724266052246,1.1244518756866455,0.4689428210258484,1.5585789680480957,0.5145396590232849,1.8273016807154139
1.188472032546997,0.4652877748012543,1.1244518756866455,0.4689428210258484,1.5585789680480957,0.5145396590232849,1.7492904790287955
1.1739113330841064,0.4706782102584839,1.1135332584381104,0.48166754841804504,1.225257158279419,0.48676034808158875,1.7697723174478275
2.2863006591796875,0.9380185008049011,1.3076821565628052,0.6227548122406006,1.193002700805664,0.6292286515235901,1.792391689498254
1.0672301054000854,0.6168824434280396,2.2325851917266846,0.9232327938079834,2.2178075313568115,0.8674238324165344,2.0253058652647704
2.241525650024414,0.8671814203262329,2.2900431156158447,0.9225077629089355,2.2393546104431152,0.9704209566116333,2.3636119798921444
1.255800724029541,0.6162745952606201,2.3107688426971436,0.9644595384597778,1.4184966087341309,0.6267051696777344,2.673941998634088
1.517667531967163,0.6180654168128967,2.510814666748047,0.6492507457733154,1.7316840887069702,0.6017714738845825,3.042181594515766
2.7139413356781006,0.5080254673957825,2.3590357303619385,0.514476478099823,2.9139084815979004,0.5272146463394165,3.7399935484064395
2.742661476135254,0.5073115229606628,2.890773296356201,0.4525744915008545,2.8943305015563965,0.5570892095565796,3.3508274639865863
2.941566228866577,0.5232579112052917,2.698150157928467,0.5041995644569397,2.9502177238464355,0.5560343265533447,3.4067788693285026
3.1126608848571777,0.5275052785873413,2.7001798152923584,0.5015079379081726,3.0395843982696533,0.5567823648452759,4.024936968037443
2.871262788772583,0.49488916993141174,3.241520404815674,0.520447313785553,2.4471869468688965,0.5179771780967712,3.867231714518894
3.073425769805908,0.5344618558883667,2.9969444274902344,0.4577386677265167,3.0630674362182617,0.4991992712020874,3.1225435240687545
2.422116279602051,0.5061691999435425,3.171658992767334,0.526469349861145,3.083855628967285,0.5018963813781738,3.031408464251624
3.1415977478027344,0.5050960779190063,3.213789463043213,0.5254460573196411,3.155303955078125,0.5260580778121948,2.9662514169781424
2.64941143989563,0.4997742474079132,3.099982261657715,0.4507247805595398,3.1074600219726562,0.5551158785820007,2.8943160626844384
2.491015672683716,0.5123389959335327,2.9874305725097656,0.5142663717269897,3.12381649017334,0.5190883278846741,2.6989700043360187
3.387763500213623,0.5247159600257874,3.256828784942627,0.4949720799922943,3.4168081283569336,0.5327925086021423,2.924858731585223
2.256450891494751,0.6731889843940735,1.4620230197906494,0.5405461192131042,1.368366003036499,0.5346105694770813,2.8750612633917
2.0198864936828613,0.6023608446121216,2.4204325675964355,0.7307884097099304,1.474822759628296,0.5474542379379272,2.832508912706236
1.267725944519043,0.5389442443847656,1.4961369037628174,0.5400241613388062,1.4937913417816162,0.5471727252006531,2.806179973983887
2.3119287490844727,0.6735473871231079,2.086116075515747,0.505653977394104,1.9116592407226562,0.5671980381011963,2.7781512503836434
2.0919151306152344,0.5579456090927124,2.496619701385498,0.7317370772361755,2.2317771911621094,0.6021648645401001,2.7075701760979363
1.4800631999969482,0.49562734365463257,1.6095411777496338,0.5070247054100037,1.830109715461731,0.4572121798992157,1.5116507707600613
1.8641364574432373,0.4474466145038605,1.8664045333862305,0.46598124504089355,1.7128030061721802,0.5119664072990417,1.5116507707600613
1.9760533571243286,0.4443306624889374,1.9483872652053833,0.42962199449539185,1.8693581819534302,0.442396879196167,1.988772021023035
2.2513325214385986,0.44205865263938904,2.255392551422119,0.4606139361858368,2.1066761016845703,0.5099923014640808,2.423245873936808
2.3452742099761963,0.45221981406211853,2.3388867378234863,0.4782918095588684,2.256213665008545,0.49360379576683044,2.0211892990699383
2.340432643890381,0.45247453451156616,2.379824638366699,0.4565804600715637,2.246706962585449,0.45614057779312134,1.863322860120456
2.3025288581848145,0.4571773111820221,2.3677709102630615,0.45537498593330383,2.2702441215515137,0.4586145579814911,1.7634279935629373
2.5095551013946533,0.4572194814682007,2.5094969272613525,0.4577547013759613,2.4794647693634033,0.4626789093017578,2.7904043667870764
2.541970729827881,0.4589371383190155,2.53999662399292,0.4608689248561859,2.434576988220215,0.44535964727401733,4.108835527934605
2.328901767730713,0.4605320394039154,2.085616111755371,0.4652539789676666,2.229426622390747,0.48335394263267517,3.777499319590365
2.814816951751709,0.46493956446647644,2.7236337661743164,0.46555399894714355,2.663194179534912,0.4525570869445801,3.2035767749779724
2.4298970699310303,0.4632610082626343,2.0606977939605713,0.47128984332084656,2.1230080127716064,0.5282471776008606,3.1319392952104246
2.6882433891296387,0.4628128111362457,2.5259828567504883,0.47135981917381287,2.6412436962127686,0.4971441924571991,2.888179493918325
2.178140878677368,0.48301374912261963,2.0402116775512695,0.48157986998558044,2.10768985748291,0.5178918838500977,2.7867514221455614
2.702803611755371,0.4735029339790344,2.5012807846069336,0.4802034795284271,2.565992832183838,0.49550047516822815,2.7323937598229686
2.5860700607299805,0.4948829710483551,2.489121437072754,0.5220574736595154,2.590095043182373,0.47196274995803833,2.4082399653118496
1.9002783298492432,0.47531479597091675,1.8295644521713257,0.4346156716346741,1.8240234851837158,0.4988166391849518,2.037426497940624
2.351994514465332,0.45943352580070496,2.287322521209717,0.43538278341293335,2.246945381164551,0.5145768523216248,1.3617278360175928
2.562788248062134,0.46685412526130676,2.623899221420288,0.4731970727443695,2.4342875480651855,0.4664795994758606,3.839729375206388
2.5231802463531494,0.46441084146499634,2.3319971561431885,0.5050953030586243,2.335294723510742,0.5136701464653015,3.4085791254086675
2.719865322113037,0.5047929883003235,2.884014844894409,0.4759513735771179,2.7998790740966797,0.4899332821369171,2.9960736544852753
2.2704641819000244,0.5111765265464783,2.4979019165039062,0.4682855010032654,2.335228204727173,0.507051944732666,2.9122220565324155
2.79185152053833,0.45111218094825745,2.8351430892944336,0.43881815671920776,2.712259292602539,0.46081265807151794,2.693726948923647
2.7218637466430664,0.45591649413108826,2.7545852661132812,0.4407223165035248,2.6332201957702637,0.5238490700721741,2.510545010206612
2.2558298110961914,0.4660860002040863,2.239093542098999,0.5135746002197266,2.1864333152770996,0.4650943875312805,2.3944516808262164
2.6394224166870117,0.48655471205711365,2.695432662963867,0.44367340207099915,2.6736741065979004,0.5149919390678406,2.1367205671564067
2.0056276321411133,0.4628531336784363,2.229187250137329,0.4934791028499603,2.018716812133789,0.5007372498512268,1.8260748027008264
2.453103542327881,0.47423022985458374,2.4128246307373047,0.4838623106479645,2.3938546180725098,0.4852907061576843,1.2304489213782739
2.3943166732788086,0.4651791453361511,2.325155258178711,0.4704975187778473,2.4348130226135254,0.4666142761707306,3.350441856535061
2.364438533782959,0.46546655893325806,2.275155782699585,0.5073714256286621,2.2741317749023438,0.48720648884773254,3.081707270097349
2.826564311981201,0.47516122460365295,2.6677629947662354,0.4669879972934723,2.6660032272338867,0.4505873918533325,2.667452952889954
2.223708152770996,0.5141910910606384,2.2185139656066895,0.48556819558143616,2.2144827842712402,0.48872068524360657,2.582063362911709
2.7723677158355713,0.47497430443763733,2.6505203247070312,0.468643456697464,2.734205484390259,0.49616917967796326,2.3961993470957363
2.7210514545440674,0.466013103723526,2.6192591190338135,0.516042947769165,2.693439245223999,0.4998815357685089,2.2576785748691846
2.2734508514404297,0.4846804141998291,2.175004243850708,0.4966404139995575,2.2007079124450684,0.5161034464836121,2.0863598306747484
2.604555606842041,0.4825240969657898,2.58955979347229,0.5196800231933594,2.590485095977783,0.5066876411437988,1.7853298350107671
2.167541027069092,0.45984867215156555,1.8568652868270874,0.4781256914138794,1.9140630960464478,0.5018828511238098,1.568201724066995
2.4402847290039062,0.4508337378501892,2.3011550903320312,0.4719680845737457,2.478952169418335,0.4556684195995331,1.0
2.443556308746338,0.46025633811950684,2.2151801586151123,0.45893993973731995,2.4220829010009766,0.4828149080276489,3.087781417809542
2.5199408531188965,0.4621632993221283,2.362532138824463,0.4339076280593872,2.3477041721343994,0.49923697113990784,2.920123326290724
2.6873207092285156,0.5025649070739746,2.874936103820801,0.44556930661201477,2.9093360900878906,0.4745456278324127,2.59659709562646
2.300489902496338,0.4577488303184509,2.3393054008483887,0.48266348242759705,2.2605881690979004,0.4580024778842926,2.4149733479708178
2.792545795440674,0.4633767902851105,2.8205103874206543,0.43974778056144714,2.6633284091949463,0.46146145462989807,2.1702617153949575
2.71998929977417,0.4712611436843872,2.6117208003997803,0.46716398000717163,2.7146053314208984,0.4577786922454834,2.103803720955957
2.1993396282196045,0.5275660157203674,2.339667797088623,0.47635042667388916,2.2961013317108154,0.48947811126708984,1.968482948553935
2.688162326812744,0.4969423711299896,2.7899937629699707,0.5110874176025391,2.7329607009887695,0.515696108341217,1.6532125137753437
1.9399770498275757,0.4664657413959503,1.8447574377059937,0.472535640001297,1.9654988050460815,0.515735924243927,1.462397997898956
2.471773147583008,0.4583424925804138,2.540438413619995,0.49150553345680237,2.4996376037597656,0.46111610531806946,0.7781512503836436
1.2643746137619019,1.036604404449463,1.3660008907318115,1.0623347759246826,1.2835948467254639,1.0733228921890259,1.581255415287389
1.4978632926940918,1.0498876571655273,1.4093928337097168,0.954797089099884,1.4757564067840576,1.009387493133545,1.2699610169756437
1.319547414779663,0.9554150700569153,1.2799962759017944,0.9839075803756714,1.4140836000442505,0.9910136461257935,1.4913894877917173
1.2356922626495361,0.891482412815094,1.2007498741149902,0.9723231792449951,1.1988372802734375,0.9587063193321228,1.393855202222663
1.307236909866333,0.9647738337516785,1.3146512508392334,0.9698600769042969,1.3534256219863892,0.9135376811027527,1.099032375194915
1.3507481813430786,0.8588519096374512,1.3304139375686646,0.770106852054596,1.2590521574020386,0.9169355630874634,1.390725836207472
1.2905195951461792,0.775669515132904,1.188277244567871,0.6715954542160034,1.2781065702438354,0.7031797766685486,1.495121534136168
1.2003344297409058,0.7827420234680176,1.1134223937988281,0.5701250433921814,1.3001009225845337,0.8441591858863831,1.089690488695378
1.2377967834472656,0.7307732701301575,1.3256653547286987,0.9134414792060852,1.1928834915161133,0.7882798910140991,1.3354238378279515
1.3680646419525146,0.9645119905471802,1.2452093362808228,1.0610653162002563,1.1901381015777588,1.0635861158370972,1.4061824640303864
1.527178168296814,0.9373816251754761,1.5056569576263428,0.9055705070495605,1.4902011156082153,0.957114040851593,1.2761504482119963
1.2264564037322998,1.0659126043319702,1.233311414718628,0.9960308074951172,1.2407029867172241,0.9626283645629883,1.5296042170262314
1.3958812952041626,1.0092872381210327,1.3461759090423584,0.9236103296279907,1.2408586740493774,1.0528391599655151,1.099032375194915
1.4424299001693726,1.032504677772522,1.2873069047927856,1.0596539974212646,1.2403956651687622,1.06419837474823,1.3077525168162103
1.3158862590789795,1.0072286128997803,1.2826640605926514,1.010892391204834,1.3155062198638916,1.0726133584976196,1.5000381282628856
1.4647802114486694,0.9330034852027893,1.3913300037384033,1.0420087575912476,1.3384355306625366,1.0640536546707153,1.3969747683263671
1.551431655883789,0.9787369966506958,1.5998989343643188,0.9462488293647766,1.6957743167877197,0.9502469897270203,1.108178315998013
1.4256422519683838,0.9371851086616516,1.4355170726776123,0.9120819568634033,1.3929104804992676,0.9760869145393372,1.3000582611786848
1.2682898044586182,1.085046410560608,1.250563383102417,1.0280605554580688,1.205527901649475,1.0433839559555054,1.4269310390823817
1.687845230102539,0.9310266375541687,1.5745857954025269,1.0108777284622192,1.374376654624939,1.05782151222229,1.5133003878884927
1.255527138710022,0.9767895936965942,1.1634330749511719,1.0469475984573364,1.2792608737945557,1.0646387338638306,1.1457121858072492
1.259169578552246,0.9576758146286011,1.4855855703353882,0.9938502311706543,1.1643054485321045,1.0750597715377808,1.4000623708588962
1.3086237907409668,0.9580946564674377,1.4130101203918457,0.9820574522018433,1.2662265300750732,1.0752816200256348,1.523849749001494
1.242469310760498,1.0866779088974,1.1639509201049805,1.0468833446502686,1.2985179424285889,1.1055632829666138,1.195329107238088
1.316880702972412,0.9696064591407776,1.3096648454666138,1.0632203817367554,1.2468321323394775,1.0753870010375977,1.3096532653171913
1.261081337928772,1.1071736812591553,1.3272995948791504,0.9992835521697998,1.255672574043274,1.0529232025146484,1.4467482518508625
1.307532548904419,1.109002947807312,1.3286168575286865,1.0535879135131836,1.3411085605621338,0.9808419942855835,1.3077525168162103
1.1559171676635742,0.9386729001998901,1.5884255170822144,0.9594179391860962,1.1353999376296997,1.0162906646728516,1.5296042170262314
1.244368076324463,1.0065340995788574,0.9591832160949707,0.9714578986167908,1.5029999017715454,1.0834561586380005,1.2376140539756968
1.3787742853164673,1.039487600326538,1.3398517370224,1.030074119567871,1.3390748500823975,0.9809625148773193,1.3354238378279515
1.475567102432251,1.0095336437225342,1.4957118034362793,0.9038457274436951,1.4778205156326294,0.9769983887672424,1.4709548261420542
1.478545904159546,0.9330333471298218,1.42984938621521,0.9668035507202148,1.4850213527679443,0.9198433756828308,1.5330138210920605
1.3160555362701416,0.9552506804466248,1.3484264612197876,0.9995582103729248,1.3390748500823975,0.9809621572494507,1.3425138928250662
1.2749496698379517,1.1074739694595337,1.2552485466003418,1.0543893575668335,1.2577824592590332,1.0531866550445557,1.545307549522784
1.3160555362701416,0.9552506804466248,1.3484264612197876,0.999589204788208,1.2833685874938965,1.0524263381958008,1.371416950140233
1.261081337928772,1.1071736812591553,1.2136375904083252,1.0541056394577026,1.2107332944869995,1.0732473134994507,1.4522375911389147
1.3292158842086792,1.0408436059951782,1.3275067806243896,0.9994568824768066,1.3297154903411865,1.0006134510040283,1.5024760231599108
0.8927335143089294,0.5304325222969055,1.1968283653259277,0.5912919044494629,1.065081000328064,0.5221374034881592,1.0
0.3830205202102661,1.14345383644104,-0.3960789442062378,0.9631822109222412,0.4536323547363281,0.7984437942504883,0.6989700043360189
1.6061105728149414,0.6418014168739319,1.890653371810913,0.5505022406578064,1.7023471593856812,0.574893593788147,0.04139268515822507
1.7305597066879272,0.5219144821166992,1.9175161123275757,0.4710767865180969,1.787566900253296,0.7028968930244446,0.40732137779296895
1.9698652029037476,0.5432961583137512,1.9555352926254272,0.4706861674785614,1.8262927532196045,0.70269775390625,1.384439870103492
1.7509455680847168,0.644571840763092,1.8216904401779175,0.5343387126922607,1.7984328269958496,0.5116645693778992,1.8077360152522643
1.983504295349121,0.5246534943580627,1.6349774599075317,0.6816495656967163,2.016984224319458,0.703855037689209,2.1137185266842535
2.2650229930877686,0.5371227860450745,1.9139937162399292,0.6872156858444214,2.3621888160705566,0.527227520942688,2.7596678446896306
1.3906917572021484,1.0360208749771118,1.5393003225326538,0.535032331943512,2.190436840057373,0.982147753238678,1.385767379476026
1.0939364433288574,0.6061925888061523,1.1831530332565308,0.63645339012146,1.322709083557129,0.5229818224906921,1.384512889046886
1.141873836517334,0.9142407178878784,1.3320473432540894,0.5241371989250183,1.4139584302902222,0.9391594529151917,1.3819833068550689
2.0551586151123047,0.9220544099807739,1.5166311264038086,0.535241425037384,2.1764984130859375,0.9200926423072815,1.3730337907725567
1.70415461063385,0.4907032549381256,1.423500895500183,0.5220590233802795,1.4297139644622803,0.5071182250976562,1.3486638158303363
1.4174044132232666,0.523764431476593,1.9060132503509521,0.5822485089302063,2.02409291267395,0.5802560448646545,1.3477536605167075
1.1857218742370605,0.5585036277770996,1.4411728382110596,0.5224726796150208,1.396064281463623,0.6792274117469788,1.3470288325967898
1.2007378339767456,0.5959894061088562,1.2070832252502441,0.5923677682876587,1.1195628643035889,0.5084285140037537,1.3200182230881328
1.4857724905014038,0.5808733701705933,1.5965721607208252,0.5426328778266907,1.3920027017593384,0.49221739172935486,1.3129975081623855
1.3914215564727783,0.611911416053772,1.8172366619110107,0.47352102398872375,1.4353759288787842,0.5256907343864441,1.2818056561389528
1.4857724905014038,0.5808733701705933,1.3795263767242432,0.4994822144508362,1.3920027017593384,0.49221739172935486,1.2702441378916305
1.4433503150939941,0.5309670567512512,1.4686412811279297,0.5316712260246277,1.4468860626220703,0.5298093557357788,1.1935283323418668
1.3026626110076904,0.6093704700469971,1.6992167234420776,0.4767865836620331,1.560126781463623,0.5124321579933167,1.1793126048380502
1.4438227415084839,0.5300096869468689,1.5886560678482056,0.518663763999939,1.481768012046814,0.5157651901245117,1.144220463816844
1.203629493713379,0.5148963928222656,0.9654563069343567,0.5151858925819397,1.2261983156204224,0.5112511515617371,0.8260740248592667
1.4132425785064697,0.987084686756134,0.8821176886558533,1.0330231189727783,1.196956992149353,0.972237229347229,2.220108088040055
2.1949517726898193,0.7668157815933228,2.1211698055267334,0.44623392820358276,2.211792230606079,0.5129504799842834,1.978733823568585
2.110372543334961,0.48404258489608765,2.5915403366088867,0.6328743100166321,2.417128562927246,0.6362049579620361,1.9692307711828732
2.3782711029052734,0.5346689820289612,2.1544113159179688,0.4921831786632538,2.1420888900756836,0.49737343192100525,1.892307694340667
2.2123308181762695,0.7562903165817261,2.521571159362793,0.6246839165687561,2.2804582118988037,0.5057162642478943,1.7999999969162366
3.4627442359924316,0.6609717011451721,3.121490955352783,0.5170989632606506,3.125636577606201,0.8040282130241394,3.721428571424871
3.3216359615325928,0.7585614919662476,3.505125045776367,0.7301477193832397,3.5637755393981934,0.8291917443275452,3.721428571424871
3.2017812728881836,0.70124751329422,3.3945624828338623,0.7200893759727478,3.3210301399230957,0.8066277503967285,3.721428571424871
3.392651319503784,1.112889051437378,3.113119125366211,0.6147348880767822,3.2944650650024414,1.018226146697998,3.721428571424871
1.5970834493637085,0.5013278722763062,1.7457764148712158,0.5378038883209229,1.5958842039108276,0.5151890516281128,1.9525304268328585
1.6982475519180298,0.4882069230079651,1.7577518224716187,0.5367907285690308,1.6106998920440674,0.5128092765808105,1.933040803122635
1.6545664072036743,0.5284895300865173,1.6462761163711548,0.5017505288124084,1.6180564165115356,0.5104231834411621,1.925768861048547
1.6606687307357788,0.5240651965141296,1.7785570621490479,0.45254814624786377,1.733041763305664,0.5123408436775208,1.9183287120637145
1.6379114389419556,0.4940810799598694,1.7313475608825684,0.5353401899337769,1.716322422027588,0.5158025026321411,1.9126800886174558
1.6184364557266235,0.5171986818313599,1.6900728940963745,0.5230640769004822,1.6411861181259155,0.533242404460907,1.9126800886174558
1.5134316682815552,0.5103867053985596,1.6457198858261108,0.5388767719268799,1.6804745197296143,0.5168592929840088,1.905039998332904
1.4503355026245117,0.5249447226524353,1.6132322549819946,0.5547138452529907,1.5350581407546997,0.5318355560302734,1.9145667004028522
1.4678024053573608,0.5359421968460083,1.4504411220550537,0.5733880400657654,1.573287010192871,0.5224935412406921,1.8991816034116005
1.806549072265625,0.6329383254051208,1.7007591724395752,0.6663698554039001,1.7602403163909912,0.6278783679008484,1.8667166352160611
1.6976885795593262,0.537741482257843,1.8143230676651,0.4623008370399475,1.7212120294570923,0.545440137386322,1.8560488837367255
2.1816444396972656,0.7341122031211853,2.1482274532318115,0.4464724361896515,2.223526954650879,0.5823975801467896,2.2133020250809263
2.5389411449432373,0.5360537767410278,2.179842948913574,0.6428072452545166,2.265346050262451,0.579574465751648,2.204119982655925
2.225613832473755,0.7340786457061768,2.1510872840881348,0.5108835697174072,1.9940894842147827,0.5267056822776794,2.1818435879447726
1.960088849067688,0.5218323469161987,2.022266387939453,0.5059261322021484,2.3052401542663574,0.5673370361328125,2.12057393120585
2.6298413276672363,0.563838541507721,2.324681282043457,0.46503815054893494,2.1461644172668457,0.5310922861099243,1.9590413923210936
2.42183780670166,0.7556654214859009,2.379009962081909,0.463785856962204,2.500227212905884,0.5321508646011353,1.8512583487190752
1.0568668842315674,0.5679900050163269,1.262550950050354,0.5579243302345276,1.1203742027282715,0.5838705897331238,0.9586073104988301
1.2147208452224731,0.5716158747673035,1.191206932067871,0.5507734417915344,1.4061843156814575,0.5723617672920227,0.9586073104988301
0.49115002155303955,0.5490425825119019,0.7865884304046631,0.5456400513648987,0.6235636472702026,0.5562706589698792,0.9138138523837167
0.37087416648864746,0.6594892740249634,0.8065388798713684,0.5435883402824402,0.6086069345474243,0.5561187863349915,0.7781512503836436
0.6599916815757751,0.523390531539917,0.9259955883026123,0.5577046275138855,0.9762632250785828,0.5288582444190979,0.7075701760979364
0.5602636337280273,0.6779729723930359,0.7750974297523499,0.5886623859405518,0.9315876364707947,0.5320172309875488,0.6989700043360189
0.5521310567855835,0.547615110874176,0.638583779335022,0.5821938514709473,0.7210894823074341,0.5476706027984619,0.6532125137753437
0.5000615119934082,0.6698633432388306,0.6724937558174133,0.5366308689117432,0.6269214153289795,0.5495463013648987,0.5440680443502757
1.2006264925003052,0.9672165513038635,1.2931487560272217,1.386659860610962,1.188715934753418,0.9339156746864319,1.2148438480476977
1.2155598402023315,0.6662123799324036,1.3769080638885498,1.3692286014556885,1.0290837287902832,0.6339576244354248,1.3443922736851108
1.322446584701538,1.1372976303100586,1.3683878183364868,0.7005517482757568,1.0290837287902832,0.6339576244354248,1.271841606536499
0.9280346035957336,0.6365547180175781,1.48667573928833,1.023543119430542,1.1524937152862549,0.6128702759742737,1.4608978427565478
1.2699551582336426,0.9127572178840637,1.3466436862945557,0.8462437391281128,1.3579003810882568,0.9268817901611328,1.4390167283875128
1.3837776184082031,0.6899183988571167,1.5297284126281738,0.7934540510177612,1.5654850006103516,0.764348030090332,1.4058583993176366
1.0051052570343018,0.8169645071029663,1.094952940940857,0.5344328880310059,0.9960512518882751,0.8689519166946411,1.36078268987328
1.3155238628387451,1.1396572589874268,1.306860327720642,1.374592900276184,1.0034842491149902,0.6299909949302673,1.4653828514484184
1.2123289108276367,0.8433540463447571,0.8659029006958008,0.8398864269256592,1.0112870931625366,0.8751872181892395,1.173186268412274
1.1755828857421875,0.5385713577270508,1.2863949537277222,0.553186297416687,0.8898826837539673,0.5440296530723572,0.9395192526186185
1.5951579809188843,0.5506798028945923,1.5713406801223755,0.5239127278327942,1.3387608528137207,0.5261836647987366,1.2923106206353376
1.3689031600952148,0.5271067023277283,1.51665198802948,0.5518990159034729,1.246044397354126,0.5685535073280334,1.3047197644091688
1.213077187538147,0.5657548904418945,1.44804847240448,0.5814050436019897,1.2200310230255127,0.5748181939125061,1.3342689557297742
1.5811755657196045,0.5138435959815979,1.6231168508529663,0.525955855846405,1.119497299194336,0.5333622097969055,1.1802061003605138
1.4687976837158203,0.5178806185722351,1.3774724006652832,0.4965836703777313,1.450986385345459,0.5145024657249451,1.2621079564995132
1.2347331047058105,0.5322583913803101,1.4878478050231934,0.5080224275588989,1.2069483995437622,0.5198432803153992,1.380211241711606
1.2212551832199097,0.5027056932449341,1.4241870641708374,0.5295314788818359,1.3568099737167358,0.518263578414917,1.3617278360175928
1.3882122039794922,0.5617570281028748,1.1933495998382568,0.5170996785163879,1.455443263053894,0.5149644613265991,1.3424226808222062
1.6247490644454956,0.5466859340667725,1.423598051071167,0.5304564833641052,1.4967116117477417,0.508445143699646,1.3309901094818017
1.3425233364105225,0.5142942070960999,1.591556191444397,0.469301700592041,1.5597165822982788,0.5147319436073303,1.245460549349151
1.2212551832199097,0.5027056932449341,1.125586986541748,0.5231987237930298,1.1309349536895752,0.5133452415466309,1.1760912590556813
1.5683608055114746,0.5537360906600952,1.3664007186889648,0.5354718565940857,1.5136549472808838,0.49971216917037964,1.3309901094818017
1.6177358627319336,0.5558221340179443,1.5505651235580444,0.4665740728378296,1.4773634672164917,0.5143032073974609,1.313265453369894
1.6342602968215942,0.5650548338890076,1.4538439512252808,0.5279911160469055,1.3241206407546997,0.5532625913619995,1.6718243418666583
1.387439489364624,0.5238651633262634,1.4058037996292114,0.5323345065116882,1.4329187870025635,0.5490102171897888,1.6468341996082319
1.7461285591125488,0.6599627733230591,1.6605663299560547,0.647669792175293,1.6016452312469482,0.6500532627105713,1.6307099121056705
1.5737521648406982,0.4870743751525879,1.3806482553482056,0.5245913863182068,1.4659563302993774,0.5243186354637146,1.5929661999426337
1.6810314655303955,0.5245195627212524,1.9631805419921875,0.6517452597618103,1.6519783735275269,0.5366169214248657,1.7622552466494428
1.2369530200958252,0.627851128578186,1.5576568841934204,0.5143617391586304,1.2577126026153564,0.5277870297431946,1.7277173545725861
1.5485317707061768,0.5372722148895264,1.4682244062423706,0.519319474697113,1.2377898693084717,0.6086053252220154,1.7247116825191253
1.1827596426010132,0.5424697399139404,1.4953612089157104,0.5192325115203857,1.3229975700378418,0.6191520094871521,1.6491320075074318
1.716754674911499,0.4947563409805298,1.538212776184082,0.5226075649261475,1.480098843574524,0.5209316611289978,1.6232406044214023
1.716754674911499,0.4947563409805298,1.6042464971542358,0.46042463183403015,1.5549489259719849,0.4997361898422241,1.6229306392040854
1.6358774900436401,0.5034326314926147,1.6702735424041748,0.5851104855537415,1.565215826034546,0.5205777287483215,1.6479333047241782
1.6424261331558228,0.51007080078125,1.7118237018585205,0.5734168887138367,1.576159954071045,0.5006659626960754,1.6801239359925626
1.898176908493042,0.5391342043876648,1.6867141723632812,0.46874016523361206,1.6312059164047241,0.5073052644729614,1.6657875928773154
1.4164459705352783,0.5635201334953308,1.4873343706130981,0.5569438338279724,1.5675607919692993,0.5813167691230774,1.620313850188516
1.5709171295166016,0.898101806640625,1.8745067119598389,1.020330548286438,1.5796921253204346,0.8285943865776062,1.571395514484615
0.5783462524414062,0.760978102684021,0.9013954997062683,0.6482556462287903,0.8707898259162903,0.625728964805603,0.9684829485539351
2.1069297790527344,0.5428755283355713,2.004591226577759,0.5504207611083984,2.271174430847168,0.5290747284889221,2.7158002125209113
2.040721893310547,0.5574249625205994,2.1057472229003906,0.46549150347709656,2.0369935035705566,0.5600274205207825,2.597415086445643
1.9981262683868408,0.529395341873169,2.1098132133483887,0.5660512447357178,2.2983555793762207,0.5834102630615234,2.3254133417105067
2.1497397422790527,0.5342743992805481,2.092048406600952,0.5552322268486023,2.1068758964538574,0.5626499652862549,2.2151978629265603
1.587422490119934,0.5107322931289673,1.7309619188308716,0.4672062397003174,1.6155695915222168,0.5522734522819519,1.5563025007672873
1.042487382888794,0.5616887211799622,1.135241985321045,0.4736795723438263,0.9945504665374756,0.543902575969696,1.041392685158225
1.9548856019973755,0.67162024974823,1.762142300605774,0.6372531056404114,1.8047897815704346,0.5055578351020813,1.5797835966168101
1.1945632696151733,0.5556265115737915,1.3263449668884277,0.600867748260498,1.1666995286941528,0.5330079793930054,1.1139433523068367
2.0486433506011963,0.6680632829666138,1.9392753839492798,0.596415102481842,1.8133924007415771,0.5439686179161072,1.6334684555795866
2.0695159435272217,0.696021318435669,1.9503769874572754,0.6483845710754395,1.897705078125,0.5967140793800354,1.5563025007672873
1.4994131326675415,0.751166820526123,1.4759021997451782,0.6882773637771606,1.4820010662078857,0.5784628987312317,1.5440680319418618
1.7389473915100098,0.6766208410263062,1.6136919260025024,0.7754381895065308,1.078831672668457,0.7408000230789185,1.4913616938342726
1.628834843635559,0.566360354423523,1.7501134872436523,0.544643759727478,1.66227388381958,0.5490272045135498,1.4471580313422192
1.7584738731384277,0.5770590901374817,1.8586604595184326,0.6828573942184448,1.614237904548645,0.5619346499443054,1.3979400086720377
1.1193106174468994,0.8499814867973328,1.0774946212768555,0.8566967248916626,1.1007006168365479,0.6534488797187805,1.3979400086720377
1.4749592542648315,0.7216796875,1.4279558658599854,0.7122704982757568,1.5534577369689941,0.5949975848197937,1.3424226808222062
1.4155205488204956,0.5955790877342224,1.457362174987793,0.5941954255104065,1.4129247665405273,0.6315996050834656,1.3010299956639813
1.5392637252807617,0.784175455570221,1.522100806236267,0.8474298119544983,0.9603815674781799,0.670254111289978,1.2041199826559248
1.4880346059799194,0.6887012720108032,1.8498203754425049,0.5819272994995117,1.799538254737854,0.5588273406028748,1.1760912590556813
1.109421730041504,0.5924818515777588,1.1320574283599854,0.5378366708755493,1.4687587022781372,0.5795028209686279,1.1760912590556813
1.49748957157135,0.6663659811019897,1.3755228519439697,0.4703493118286133,1.384453296661377,0.535835862159729,1.146128035678238
1.0554838180541992,0.7006200551986694,1.1081712245941162,0.5803713202476501,1.320003867149353,0.6891894936561584,1.1139433523068367
1.604557752609253,0.559861421585083,1.4792015552520752,0.5031976699829102,1.5738557577133179,0.557921826839447,1.0969100130080565
0.9858294725418091,0.9285756945610046,1.2194652557373047,0.6658974289894104,0.9703980088233948,0.9498117566108704,1.0791812460476249
0.6560404896736145,0.6741894483566284,0.8486932516098022,0.5449652671813965,0.9317207932472229,0.5751246809959412,1.041392685158225
1.223042607307434,0.5526582598686218,1.2740862369537354,0.5578383803367615,1.1832677125930786,0.5574747323989868,1.0
0.46799802780151367,0.9422252774238586,0.6005513668060303,0.8028945922851562,0.4771827459335327,0.8787994980812073,0.9030899869919435
1.0157787799835205,0.5892581939697266,0.9453755021095276,0.5967937111854553,1.1605843305587769,0.5628697872161865,0.8586693906442104
1.7775917053222656,0.5217161774635315,1.598724365234375,0.537275493144989,1.5372527837753296,0.5476423501968384,1.6989700043360187
1.4067362546920776,0.7150954008102417,1.318093180656433,0.6028136014938354,1.0276615619659424,0.5681591629981995,1.255272505103306
2.103156089782715,0.6947299242019653,1.7251462936401367,0.5327258110046387,1.8457227945327759,0.5823941230773926,1.7558748556724915
1.5518814325332642,0.7236495614051819,1.3446494340896606,0.6960761547088623,1.149248719215393,0.5793018937110901,1.3979400086720377
1.947637915611267,0.5181488394737244,1.7780565023422241,0.5453898310661316,1.9750468730926514,0.5345139503479004,1.7993405494535817
1.83109450340271,0.5803417563438416,1.9856607913970947,0.5219601392745972,1.9668042659759521,0.5138314366340637,1.792391689498254
1.8342074155807495,0.5373101234436035,2.3018579483032227,0.4909098148345947,1.8162423372268677,0.5414929389953613,1.792391689498254
1.8413996696472168,0.5457199215888977,1.836379051208496,0.49067026376724243,1.9750468730926514,0.5345139503479004,1.7634279935629373
2.0191450119018555,0.538002610206604,1.913475513458252,0.5206118226051331,2.0279550552368164,0.5203643441200256,1.7075701760979363
1.8413996696472168,0.5457199215888977,1.831928014755249,0.5499703288078308,1.7639570236206055,0.5465717911720276,1.6989700043360187
1.8337626457214355,0.520928144454956,1.8263972997665405,0.544508695602417,2.1408934593200684,0.5666710734367371,1.6812412373755872
1.9106611013412476,0.554519534111023,1.831928014755249,0.5499703288078308,1.964914083480835,0.5532707571983337,1.6334684555795866
1.5595695972442627,0.5192722678184509,1.5405553579330444,0.5366546511650085,1.828834891319275,0.5154340267181396,1.5865828716950925
1.9106611013412476,0.554519534111023,1.831928014755249,0.5499703288078308,1.964914083480835,0.5532707571983337,1.5797835966168101
1.83109450340271,0.5803417563438416,1.9856607913970947,0.5219601392745972,2.0651323795318604,0.5162373185157776,1.4913616938342726
1.7815566062927246,0.5854091048240662,1.767327070236206,0.5581914782524109,1.892403244972229,0.5707099437713623,1.845098040014257
1.9037326574325562,0.5613942742347717,1.8214257955551147,0.49709129333496094,1.785167932510376,0.5568841099739075,1.8573324964312685
2.1419386863708496,0.5287858247756958,1.8657299280166626,0.5696383118629456,2.051647186279297,0.5433999300003052,1.8750612633917
1.9152952432632446,0.5718315839767456,1.8491791486740112,0.5950592160224915,2.064664840698242,0.5543482303619385,1.8808135922807914
0.927127480506897,0.525214672088623,1.0425782203674316,0.5073350667953491,1.0414092540740967,0.512139618396759,1.1139433523068367
0.9353676438331604,0.5176612734794617,0.9737213850021362,0.5821149349212646,1.0414092540740967,0.512139618396759,1.0
0.9512640833854675,0.6000223159790039,0.924873411655426,0.5299530029296875,1.181438684463501,0.4989316165447235,0.9542425094393249
0.9512640833854675,0.6000223159790039,1.0425782203674316,0.5073350667953491,1.0414092540740967,0.512139618396759,0.9030899869919435
0.9265336990356445,0.5175191164016724,1.031275987625122,0.5080479979515076,0.9574939608573914,0.5053645372390747,0.8129133566428556
1.0186961889266968,0.5444074273109436,0.9931854605674744,0.5849124789237976,0.9058996438980103,0.5910263061523438,0.7563221771162021
2.563481330871582,0.5093111395835876,2.5375800132751465,0.5211954116821289,2.4428443908691406,0.49741604924201965,3.350441856535061
2.468780755996704,0.5167708396911621,2.5765221118927,0.47377637028694153,2.6090610027313232,0.5071465373039246,3.1122697684172707
2.0374817848205566,0.45351165533065796,1.9537543058395386,0.5074271559715271,2.121941566467285,0.46273037791252136,2.0
1.9156932830810547,0.45121389627456665,2.1192564964294434,0.4642820656299591,1.8687256574630737,0.4478877782821655,1.8920946026904804
1.9110796451568604,0.4644739031791687,1.9537543058395386,0.5074271559715271,1.9832861423492432,0.5125635266304016,1.7160033436347992
2.019524335861206,0.5009833574295044,1.9829920530319214,0.46908873319625854,2.121941566467285,0.46273037791252136,1.5563025007672873
2.019524335861206,0.5009833574295044,1.9537543058395386,0.5074271559715271,1.9832861423492432,0.5125635266304016,1.255272505103306
1.9156932830810547,0.45121389627456665,1.9537543058395386,0.5074271559715271,2.121941566467285,0.46273037791252136,1.1139433523068367
3.256833791732788,0.45203202962875366,3.2677793502807617,0.45289474725723267,3.001228094100952,0.4484602212905884,4.255055303557442
3.0325942039489746,0.4695046842098236,2.949768543243408,0.5152479410171509,2.9246864318847656,0.455051451921463,4.05080494781346
2.4576938152313232,0.4442678689956665,2.638721466064453,0.4293694794178009,2.6412062644958496,0.45627763867378235,2.8260748027008264
2.61384916305542,0.4501461982727051,2.485833168029785,0.5053306221961975,2.4488418102264404,0.49002695083618164,2.7781512503836434
2.61384916305542,0.4501461982727051,2.485833168029785,0.5053306221961975,2.6412062644958496,0.45627763867378235,2.6020599913279625
2.551152229309082,0.5045034289360046,2.522793769836426,0.45361611247062683,2.6412062644958496,0.45627763867378235,2.322219294733919
2.6557488441467285,0.46551617980003357,2.638721466064453,0.4293694794178009,2.5268163681030273,0.5093043446540833,2.230448921378274
2.61384916305542,0.4501461982727051,2.662642002105713,0.46131429076194763,2.4488418102264404,0.49002695083618164,1.9542425094393248
1.999819040298462,0.5149340629577637,1.6633027791976929,0.49478763341903687,2.047746181488037,0.5115177035331726,2.8182258936139557
1.7643018960952759,0.5020778179168701,1.848637580871582,0.5233592987060547,1.8723572492599487,0.4784683585166931,2.507855871695831
2.587986946105957,0.5335264205932617,2.6262810230255127,0.5395764112472534,2.68973445892334,0.5104833245277405,4.0
2.331460475921631,0.5197704434394836,2.365487813949585,0.5457724928855896,2.3494691848754883,0.5073273777961731,2.5705429398818973
2.7497012615203857,0.5044453740119934,2.7604784965515137,0.5129620432853699,2.833718776702881,0.497713178396225,2.4456042032735974
2.713196277618408,0.5020338296890259,2.7320666313171387,0.45686566829681396,2.7621917724609375,0.49869057536125183,2.4099331233312946
2.4769368171691895,0.5013949275016785,2.4518227577209473,0.4859636127948761,2.4852523803710938,0.48918479681015015,2.3729120029701067
2.70298433303833,0.5019736289978027,2.733004570007324,0.4937780499458313,2.5429439544677734,0.5000187754631042,2.2278867046136734
2.1894984245300293,0.5079212188720703,2.196739435195923,0.5139966607093811,2.2062811851501465,0.5061268210411072,2.103803720955957
2.3913748264312744,0.4644099771976471,2.4217491149902344,0.45727673172950745,2.5639548301696777,0.5085573792457581,1.9030899869919435
2.3715295791625977,0.5091044306755066,2.4341769218444824,0.514026939868927,2.2084391117095947,0.501105785369873,1.8325089127062364
1.8729255199432373,0.5405601859092712,1.9118574857711792,0.5235171914100647,2.0849626064300537,0.5188707709312439,0.7781512503836436
2.7911558151245117,0.5509183406829834,2.771023750305176,0.527134120464325,2.778738021850586,0.5105353593826294,4.0
2.909791946411133,0.49854087829589844,2.9283132553100586,0.45597442984580994,2.893307685852051,0.4759186804294586,2.998259338423699
2.476719617843628,0.487157940864563,2.4809250831604004,0.5462936758995056,2.4592010974884033,0.5161956548690796,2.9722028383790646
2.6042938232421875,0.5157887935638428,2.6178665161132812,0.4570508599281311,2.7297921180725098,0.5069937705993652,2.949877704036875
2.844046115875244,0.5173522233963013,2.8690009117126465,0.48952674865722656,2.873563289642334,0.504898190498352,2.747411807886423
2.777392625808716,0.47788751125335693,2.842569351196289,0.4912683069705963,2.672234535217285,0.498165488243103,2.5171958979499744
2.255026340484619,0.5034756660461426,2.317115306854248,0.513458788394928,2.1534695625305176,0.518672525882721,2.3483048630481607
2.5350685119628906,0.5131558775901794,2.531766653060913,0.48701250553131104,2.3903274536132812,0.49911028146743774,2.164352855784437
2.364410638809204,0.48413172364234924,2.5055482387542725,0.4989665448665619,2.6401686668395996,0.5071852207183838,2.08278537031645
2.037217855453491,0.5018864274024963,2.027177333831787,0.5242089629173279,2.205134391784668,0.517656683921814,1.0791812460476249
3.0664010047912598,0.5521064400672913,3.0888872146606445,0.5035920143127441,3.1485602855682373,0.5315585732460022,4.0
3.065559148788452,0.5023338198661804,3.1813297271728516,0.4547443687915802,3.146629571914673,0.5037948489189148,3.652343055062715
3.0860605239868164,0.4980919659137726,3.0847349166870117,0.5168556571006775,3.2068099975585938,0.520983874797821,3.1806992012960347
2.7535226345062256,0.5445735454559326,2.724851608276367,0.5570906400680542,2.7807884216308594,0.5162584781646729,3.037027879755775
2.8168156147003174,0.49631354212760925,2.895282030105591,0.5068407654762268,2.7382516860961914,0.4863514304161072,2.977266212427293
2.956852912902832,0.5113427639007568,3.019165515899658,0.45505088567733765,3.129159450531006,0.49353110790252686,2.94546858513182
2.477196216583252,0.5236592292785645,2.536257028579712,0.5386332273483276,2.5986104011535645,0.5047286152839661,2.814913181275074
2.779137372970581,0.50270015001297,2.8540425300598145,0.5165160894393921,2.692305088043213,0.5037709474563599,2.576341350205793
2.761249542236328,0.5076789855957031,2.7712249755859375,0.5062749981880188,2.7806782722473145,0.4943781793117523,2.4871383754771865
2.259934902191162,0.5410826206207275,2.2502551078796387,0.46910107135772705,2.478501796722412,0.518237829208374,1.5440680443502757
1.2300376892089844,0.4994924068450928,1.3161362409591675,0.5144438147544861,1.2506647109985352,0.4818277060985565,0.7781512503836436
1.7595475912094116,0.5231347680091858,1.3366085290908813,0.48645976185798645,1.422823190689087,0.5176457166671753,0.9542425094393249
1.855442762374878,0.5229319334030151,1.4576683044433594,0.48744863271713257,1.49403977394104,0.5006758570671082,1.146128035678238
1.4524521827697754,0.48469382524490356,1.6207045316696167,0.48878562450408936,1.8127286434173584,0.5168402791023254,1.3424226808222062
2.0423831939697266,0.5191060900688171,1.5674575567245483,0.44859567284584045,1.86057448387146,0.5004197359085083,1.1760912590556813
1.687599778175354,0.5067341327667236,1.7683031558990479,0.5204973220825195,1.8156722784042358,0.5158660411834717,1.1139433523068367
1.7055566310882568,0.4849180579185486,1.7766804695129395,0.5007568001747131,1.8320578336715698,0.5018511414527893,1.0
1.8569836616516113,0.48702123761177063,1.8322172164916992,0.496053010225296,1.7739412784576416,0.5282305479049683,0.9542425094393249
1.9537689685821533,0.5363312363624573,2.2866361141204834,0.47151005268096924,2.256241798400879,0.5121703147888184,1.919078092376074
2.2197306156158447,0.5248604416847229,2.1032235622406006,0.5309763550758362,1.7014615535736084,0.53260338306427,2.1994639048906626
2.3852596282958984,0.5215840339660645,2.4685401916503906,0.521007239818573,2.4896657466888428,0.5228527188301086,2.1818435879447726
2.763066053390503,0.5451183319091797,2.5470094680786133,0.5194067358970642,2.387892484664917,0.5198180079460144,1.8129133566428555
2.8735694885253906,0.5475826263427734,2.6976304054260254,0.5209507942199707,2.286039352416992,0.5264281034469604,1.7160033436347992
2.90879487991333,0.5590278506278992,2.6913280487060547,0.47442618012428284,2.4899814128875732,0.5675283074378967,1.6989700043360187
2.4954352378845215,0.5034844875335693,2.503880500793457,0.5118148326873779,2.4487483501434326,0.48056304454803467,3.270911639410481
2.930190324783325,0.45011642575263977,2.7348060607910156,0.509239912033081,2.7030863761901855,0.49704113602638245,3.2617385473525378
2.800544500350952,0.4441177248954773,2.606034755706787,0.45524337887763977,2.6915206909179688,0.48346152901649475,3.1806992012960347
2.8781137466430664,0.44288545846939087,2.9895834922790527,0.45273563265800476,2.7386298179626465,0.48001828789711,3.09377178149873
2.585944890975952,0.5068100094795227,2.586595296859741,0.5138052105903625,2.706979751586914,0.4545294940471649,2.94546858513182
2.70863676071167,0.468028724193573,2.4820921421051025,0.4528469145298004,2.529567241668701,0.508004903793335,2.8312296938670634
2.4648361206054688,0.45668476819992065,2.2890701293945312,0.45663243532180786,2.3903942108154297,0.48108360171318054,2.765668554759014
2.411461114883423,0.4642097055912018,2.383867025375366,0.5134819746017456,2.406818389892578,0.5189594030380249,2.6857417386022635
2.381196975708008,0.44751492142677307,2.436737298965454,0.46088507771492004,2.3593051433563232,0.5203471779823303,2.4742162640762553
2.219738245010376,0.4965198040008545,2.413540840148926,0.4728087782859802,2.3909811973571777,0.4561837613582611,1.380211241711606
2.9765727519989014,0.46695539355278015,2.8921568393707275,0.5093678832054138,2.922224998474121,0.5126206874847412,3.384353414137506
2.8986897468566895,0.445057213306427,3.0732710361480713,0.4519418179988861,3.037034511566162,0.42827144265174866,3.2357808703275603
2.8356990814208984,0.4510766565799713,3.007951259613037,0.45375514030456543,2.8107147216796875,0.45752856135368347,3.1122697684172707
2.5900964736938477,0.45586448907852173,2.6613478660583496,0.5102916359901428,2.7057738304138184,0.49996843934059143,2.9036325160842376
2.757500171661377,0.5039424300193787,2.7788443565368652,0.4682627022266388,2.797534942626953,0.4873289167881012,2.681241237375587
2.6398191452026367,0.4548923075199127,2.629765033721924,0.5047803521156311,2.741481065750122,0.4565056562423706,2.515873843711679
2.614931106567383,0.5004475116729736,2.619394540786743,0.43396255373954773,2.625277519226074,0.4305628538131714,2.4712917110589387
2.5564188957214355,0.4659462571144104,2.554090976715088,0.4368056356906891,2.5107622146606445,0.45633286237716675,2.1789769472931693
2.4691150188446045,0.44654175639152527,2.5207831859588623,0.4573312997817993,2.608851432800293,0.502754807472229,2.1492191126553797
2.443070888519287,0.4720468521118164,2.408761978149414,0.4834690988063812,2.4413492679595947,0.4570786952972412,1.2304489213782739
2.9157731533050537,0.4625219702720642,2.834998369216919,0.5085834860801697,2.7963309288024902,0.4981575310230255,3.6310376965367404
2.864016056060791,0.45419034361839294,2.7652430534362793,0.5100265145301819,2.7606568336486816,0.4989849925041199,3.3613500243522663
2.802546501159668,0.4459507465362549,2.8440003395080566,0.4353581368923187,2.727246046066284,0.5002690553665161,3.0056094453602804
2.7861454486846924,0.46830353140830994,2.7928245067596436,0.4370938241481781,2.6993236541748047,0.501844584941864,2.6464037262230695
2.694436550140381,0.4737457036972046,2.8015904426574707,0.4690578579902649,2.634796142578125,0.4846922755241394,2.444044795918076
2.6209967136383057,0.49843719601631165,2.4353365898132324,0.4603082239627838,2.4934091567993164,0.4805965721607208,2.3909351071033793
2.568617105484009,0.4990830421447754,2.4137697219848633,0.45639461278915405,2.435210943222046,0.4779573380947113,2.2405492482825995
2.3905062675476074,0.4547460377216339,2.4842276573181152,0.5129196643829346,2.535268545150757,0.4989061951637268,2.0453229787866576
2.492539644241333,0.5044946670532227,2.4089560508728027,0.4600711166858673,2.3660430908203125,0.4878332018852234,2.041392685158225
2.306574821472168,0.45733264088630676,2.270941734313965,0.43228137493133545,2.387829065322876,0.5098670721054077,1.1139433523068367
2.8672447204589844,0.46380338072776794,2.7385177612304688,0.458225280046463,2.817317008972168,0.5128673315048218,3.723044991643445
2.9170970916748047,0.45951196551322937,3.0638937950134277,0.45861396193504333,2.869121789932251,0.4959701597690582,3.2617385473525378
2.8343591690063477,0.4529978632926941,2.8728065490722656,0.4637048840522766,2.749265670776367,0.5163128972053528,2.949877704036875
2.7247345447540283,0.5055091381072998,2.8351802825927734,0.4674360156059265,2.701805591583252,0.5174751877784729,2.5276299008713385
2.6641690731048584,0.4566323459148407,2.718683958053589,0.46341297030448914,2.6556813716888428,0.5127507448196411,2.342422680822206
2.7259011268615723,0.4690214991569519,2.586962938308716,0.4338243007659912,2.76237154006958,0.45886069536209106,2.1702617153949575
2.5857994556427,0.4493802785873413,2.4018781185150146,0.45192694664001465,2.637951135635376,0.4524889886379242,2.1702617153949575
2.506011724472046,0.45031771063804626,2.5393290519714355,0.43640801310539246,2.5345091819763184,0.4310351610183716,1.9867717342662448
2.506133556365967,0.5046133399009705,2.45060658454895,0.46091920137405396,2.4808878898620605,0.43498003482818604,1.9590413923210936
2.3890907764434814,0.4639357328414917,2.4651570320129395,0.485402911901474,2.436309337615967,0.4989275336265564,0.9030899869919435
2.059364080429077,0.612328827381134,2.423283576965332,0.724618673324585,2.0201163291931152,0.5520873665809631,3.042181594515766
2.1548802852630615,0.6202489137649536,2.395237445831299,0.7220450639724731,2.206054925918579,0.5453203320503235,3.137354111370733
1.105144739151001,0.7669388055801392,1.194287896156311,0.825386106967926,1.3299461603164673,0.9035306572914124,1.772445426346
1.6359022855758667,0.5107406377792358,1.5025944709777832,0.47129765152931213,1.626043438911438,0.5359145998954773,2.020858281918316
1.4477218389511108,0.49285975098609924,1.555022120475769,0.5391275882720947,1.5742487907409668,0.5038081407546997,1.8893017025063104
1.6808083057403564,1.1362640857696533,2.0006701946258545,0.5604836940765381,2.0204238891601562,0.8915382623672485,1.8114400989511272
2.301180601119995,0.8358120918273926,2.33713698387146,0.5970026850700378,2.356762647628784,0.8484134674072266,1.7479928841299552
2.218594789505005,0.8239563703536987,2.3823649883270264,0.8260133862495422,2.251436948776245,0.8734360933303833,1.432071328734167
1.4797643423080444,1.1360851526260376,2.3515820503234863,0.8108315467834473,2.0119009017944336,0.8679819703102112,1.366804595051468
1.8390133380889893,0.5125775337219238,1.6669795513153076,0.5018054842948914,1.9001166820526123,0.5094499588012695,1.307278943389931
1.6293044090270996,0.5026862025260925,1.1965112686157227,0.5134205222129822,1.228831171989441,0.5190111398696899,1.307278943389931
1.8169732093811035,0.4868513345718384,1.3723626136779785,0.5162739753723145,1.9653294086456299,0.5074039101600647,1.307278943389931
1.9416208267211914,0.5099676251411438,1.7823901176452637,0.4473106861114502,1.823322057723999,0.48023679852485657,1.4833702095804502
1.828352689743042,0.4975506365299225,1.8902645111083984,0.49391162395477295,1.7233192920684814,0.48784977197647095,1.4833702095804502
1.8855023384094238,0.4957413673400879,1.4799150228500366,0.5164629220962524,1.5014910697937012,0.5204675197601318,1.4833702095804502
2.114213228225708,0.5068133473396301,2.1514956951141357,0.5036724209785461,2.15665602684021,0.4990585744380951,2.00624894772595
2.1635091304779053,0.5043643116950989,2.0532712936401367,0.49485301971435547,2.1803336143493652,0.5045205950737,2.0476416348300397
2.15336275100708,0.5094727277755737,1.653267741203308,0.5172996520996094,1.66798734664917,0.5210408568382263,2.0476416348300397
1.673548698425293,0.5090242028236389,2.176910877227783,0.4935019016265869,2.223087787628174,0.48674774169921875,2.738642709134438
2.163097620010376,0.49778831005096436,2.4657866954803467,0.5083341002464294,2.243645191192627,0.48962223529815674,2.738642709134438
2.3881802558898926,0.5053883790969849,2.285392999649048,0.445654034614563,2.29887056350708,0.4892665147781372,2.738642709134438
2.227747917175293,0.5208156704902649,2.113335609436035,0.4585113227367401,2.299027442932129,0.5251680016517639,2.9200628016758503
2.1443562507629395,0.5075647830963135,2.1732096672058105,0.5156320333480835,2.1727070808410645,0.5210101008415222,2.9457682020667706
2.223933696746826,0.5151472687721252,1.7286224365234375,0.5267941951751709,2.3641486167907715,0.5194842219352722,2.960491458592242
2.2141880989074707,0.49870768189430237,1.684604525566101,0.5228303074836731,1.654112696647644,0.5237931609153748,3.0707069384290415
1.731277346611023,0.5180168747901917,2.2331554889678955,0.45689868927001953,2.229816436767578,0.49770087003707886,3.0961540607315317
2.4021501541137695,0.5294922590255737,2.3426904678344727,0.47720810770988464,1.8225719928741455,0.5253346562385559,3.1201923016792876
1.4201704263687134,0.675686776638031,1.5455793142318726,0.6956477165222168,1.4559943675994873,0.6282433867454529,1.6237516232510494
2.1867237091064453,0.7890210747718811,1.8627344369888306,0.5172441601753235,2.013503074645996,0.7326726317405701,2.4899584794248346
1.5762205123901367,1.0226112604141235,0.9782149791717529,0.5153648853302002,1.7574939727783203,1.0239379405975342,1.0
0.6695208549499512,0.5357548594474792,0.7555966973304749,0.5062042474746704,0.9849913120269775,0.5015514492988586,0.9542429437335896
1.2678261995315552,0.6730380654335022,1.2082934379577637,0.6920912265777588,1.6139683723449707,0.5144082903862,1.5421029766994931
1.4865705966949463,0.5183230042457581,1.2127994298934937,0.6663046479225159,1.5354366302490234,0.5177029967308044,1.5496739006875977
1.522681474685669,0.5463653206825256,1.2130322456359863,0.7111132144927979,1.272326111793518,0.6700897812843323,1.539538175680695
0.4436296224594116,0.6023529171943665,0.8445909023284912,0.5520884394645691,0.6359745264053345,0.5521663427352905,1.6231311772599608
3.314478874206543,0.6405161023139954,3.3964695930480957,0.49608176946640015,3.479905128479004,0.612504243850708,3.255272505103306
3.4026246070861816,0.6412013173103333,3.4233994483947754,0.5959397554397583,3.514136552810669,0.5904229879379272,3.6020599913279625
3.3977105617523193,0.6366990804672241,3.48970365524292,0.5596843361854553,3.4864003658294678,0.5932538509368896,3.6020599913279625
3.7059073448181152,0.6219873428344727,3.708153009414673,0.5043284893035889,3.7671432495117188,0.5803329348564148,3.5563025007672873
3.781306266784668,0.5411475896835327,3.7954764366149902,0.5031155347824097,3.7507846355438232,0.5651875138282776,3.6232492903979003
3.7892041206359863,0.6178353428840637,3.66854190826416,0.5993958711624146,3.6675808429718018,0.568955659866333,3.6989700043360187
3.614217758178711,0.6488758325576782,3.5572524070739746,0.683958888053894,3.5609686374664307,0.6119748950004578,3.7634279935629373
3.7767128944396973,0.625531792640686,3.657010078430176,0.6848115921020508,3.809715747833252,0.6011925339698792,3.7634279935629373
3.7101776599884033,0.5676209926605225,3.5925252437591553,0.6816480755805969,3.70601224899292,0.6187039017677307,3.7634279935629373
3.755997657775879,0.5752055644989014,3.732757568359375,0.6234828233718872,3.8043360710144043,0.58542400598526,4.0
4.0610032081604,0.5498937368392944,3.947300672531128,0.501979649066925,3.749915361404419,0.6612114906311035,3.8920946026904804
3.741809606552124,0.5702996850013733,3.6335277557373047,0.5475456118583679,3.8408355712890625,0.5890811681747437,3.778151250383644
0.8903501033782959,0.993166983127594,0.8311685919761658,1.0803436040878296,0.5713551044464111,1.0991326570510864,0.31875869313729016
0.542155385017395,1.0345396995544434,0.4653879404067993,0.8652944564819336,0.44498705863952637,1.0087581872940063,0.04139268515822507
0.3507394790649414,0.9479079842567444,0.1986609697341919,1.0760833024978638,0.4516918659210205,1.0087155103683472,0.4913616938342727
0.25172901153564453,0.927247166633606,0.20901978015899658,1.0759519338607788,0.244675874710083,0.9398146867752075,0.7558748556724915
0.5773594379425049,1.0340181589126587,0.22183597087860107,1.075795292854309,0.438928484916687,0.9360798001289368,0.2304489213782739
0.7645508646965027,0.5624554753303528,0.5063397884368896,0.8405613303184509,0.3977954387664795,0.6889215707778931,0.7781512503836436
0.7546070218086243,0.5336012840270996,0.6805716156959534,0.531295120716095,0.438470721244812,0.6561601758003235,0.4913616938342727
0.7122987508773804,0.5346230268478394,0.796188235282898,0.5534571409225464,0.7338958382606506,0.5554375052452087,0.6020599913279624
0.524643063545227,0.7492935061454773,0.8109082579612732,0.5532859563827515,0.4342085123062134,0.5675693154335022,0.6989700043360189
0.5422630310058594,0.7563943266868591,0.5568029880523682,0.5000576972961426,0.45831549167633057,0.6902811527252197,0.8325089127062363
0.6482445597648621,0.745070219039917,0.9612163305282593,0.5527530908584595,0.6754502058029175,0.7914677858352661,0.9084850188786497
0.9547293186187744,0.567129373550415,0.7293887734413147,0.5653195977210999,0.5868343114852905,0.5659552216529846,0.6334684555795865
0.9547293186187744,0.567129373550415,0.6452467441558838,0.5158097147941589,0.5398745536804199,0.7010931372642517,0.47712125471966244
0.9544011354446411,0.5473440885543823,0.8605355620384216,0.5688003301620483,1.0027364492416382,0.5629997849464417,0.6232492903979004
1.0043330192565918,0.5388595461845398,0.7150046229362488,0.5001459121704102,1.0027364492416382,0.5629997849464417,0.3222192947339193
1.2195578813552856,0.5380391478538513,1.0851737260818481,0.5850015878677368,1.059394359588623,0.6670076251029968,0.9542425094393249
0.20270228385925293,0.5509259700775146,0.4465906620025635,0.5621886849403381,0.39604651927948,0.5501807332038879,0.32538942048605174
0.2695596218109131,0.549640417098999,0.27625787258148193,0.5111613869667053,0.45047879219055176,0.5474580526351929,0.43012474167709114
0.39132630825042725,0.5481053590774536,0.6238948106765747,0.5587539076805115,0.5842818021774292,0.5688567161560059,0.5144456083995548
0.8385024666786194,0.5307602882385254,0.7862712144851685,0.5539575219154358,0.8525318503379822,0.5510445833206177,0.5472380879812769
0.8282070159912109,0.5130080580711365,0.943900465965271,0.5550693273544312,0.9159337878227234,0.5701001286506653,0.655632020068717
0.7773390412330627,0.5006950497627258,0.8145394325256348,0.4615844488143921,0.8353075981140137,0.5232394337654114,0.6609608605962506
0.8896874189376831,0.5373876690864563,0.7815018892288208,0.5324403643608093,0.9143908023834229,0.497111052274704,0.7156299404562237
2.242682933807373,0.6037800312042236,2.4027199745178223,0.9964553713798523,1.5791972875595093,0.6727691292762756,2.0
1.5534584522247314,0.8899739384651184,2.433399200439453,0.997783362865448,1.5976307392120361,0.6859861016273499,2.0
2.054574489593506,0.8598328232765198,2.455390214920044,0.6325368285179138,2.68082857131958,1.225774884223938,2.0
1.4144097566604614,1.1178807020187378,2.4280667304992676,0.6418957710266113,2.6845388412475586,1.2134400606155396,2.0
1.286738634109497,0.6520292162895203,0.9773411154747009,0.600718080997467,0.9697569608688354,0.638933539390564,1.5228787409373927
1.3048683404922485,0.9338973760604858,1.4804966449737549,0.6530762314796448,1.349136471748352,0.7320888042449951,1.5228787409373927
1.4389078617095947,1.0512449741363525,1.3758645057678223,0.6283469200134277,1.5095434188842773,0.7949110269546509,1.6989700043360187
0.9657325148582458,1.1216275691986084,1.4361194372177124,0.6660183668136597,1.3681387901306152,0.7129257321357727,1.6989700043360187
0.19216787815093994,0.8519583940505981,0.15134215354919434,0.7962906360626221,0.25942981243133545,0.7700361609458923,0.20411998265592482
0.5180972814559937,0.8176300525665283,0.553807258605957,0.9012522101402283,0.5157895088195801,0.8298360109329224,0.13033376849500614
1.0934492349624634,0.5540342926979065,1.1350153684616089,0.5328825116157532,1.3042263984680176,0.650814414024353,0.09691001300805642
0.44931352138519287,0.8327636122703552,0.39021050930023193,0.8031466007232666,0.6101737022399902,0.7946720123291016,0.2671717284030138
0.1321176290512085,0.8346067070960999,0.1605851650238037,0.8128399848937988,0.33148670196533203,0.5910836458206177,0.1903316981702915
1.0347691774368286,0.6092010736465454,1.1389920711517334,0.5930798053741455,1.115725040435791,0.6351169347763062,0.09691001300805642
0.4733083248138428,0.9100754857063293,0.3282996416091919,0.8056806921958923,0.4028306007385254,0.8251018524169922,0.3891660843645325
1.025268316268921,0.5987609028816223,1.0501295328140259,0.5642665028572083,1.1895345449447632,0.6206910610198975,0.20411998265592482
0.22054898738861084,0.8369788527488708,0.1453622579574585,0.9252609014511108,0.38373875617980957,0.5669402480125427,0.17609125905568124
0.4658704996109009,0.9125385880470276,0.46143126487731934,0.5992193222045898,0.5450316667556763,0.6659144163131714,0.4471580313422192
1.182337760925293,0.7695775628089905,0.9997125267982483,0.5941788554191589,1.3540780544281006,0.6502424478530884,0.2304489213782739
0.24815809726715088,0.9558219313621521,0.5611327886581421,0.5755143165588379,0.4969977140426636,0.5633869171142578,0.20951501454263097
1.970104455947876,0.8006517887115479,1.8804093599319458,0.8604923486709595,1.9267441034317017,0.8802245259284973,1.0
1.7551275491714478,1.078322410583496,1.7959091663360596,0.5239893198013306,1.777995228767395,0.6189461946487427,1.3010299956639813
1.8225255012512207,0.9793701171875,1.7940607070922852,1.0155326128005981,1.9269529581069946,0.9088125228881836,1.4771212547196624
1.818403720855713,0.6797580122947693,1.9105936288833618,0.9333904385566711,2.014287233352661,0.9068317413330078,2.255272505103306
2.6662349700927734,1.1008753776550293,2.4494218826293945,0.9277359843254089,2.2947731018066406,1.1297844648361206,3.230448921378274
2.289583921432495,1.0895286798477173,2.2760887145996094,1.0318074226379395,2.2355144023895264,0.5959122180938721,2.785329835010767
2.369835376739502,1.1102874279022217,2.282155752182007,0.5512346625328064,2.1109964847564697,1.035272240638733,2.6989700043360187
2.1395511627197266,0.9133703708648682,2.135606288909912,1.0573333501815796,2.1758980751037598,1.0251206159591675,2.6989700043360187
1.1398156881332397,0.5450980067253113,1.7827597856521606,0.5722635984420776,1.3830056190490723,0.569209098815918,1.7853298278911853
1.443114995956421,0.532280445098877,2.0945920944213867,0.5395541191101074,1.3870811462402344,0.5894595980644226,1.6127838567197355
1.3046789169311523,0.6127405166625977,1.8132884502410889,0.7040823698043823,1.7162082195281982,0.6043928265571594,1.740362697390507
1.4063674211502075,0.6172701716423035,1.5924949645996094,0.514068603515625,1.5517064332962036,0.6383017897605896,1.8450980462184636
1.6785777807235718,0.5396421551704407,1.761959433555603,0.5301132798194885,1.3915156126022339,0.5914869904518127,1.716003351986616
1.5371731519699097,0.5277193784713745,1.4567415714263916,0.5368539690971375,1.3954118490219116,0.611581027507782,1.8450980462184636
1.9483389854431152,0.9859992265701294,1.944212794303894,0.9769248962402344,1.985518217086792,0.9742352366447449,1.8920945971226024
2.3584744930267334,0.9894601106643677,2.303184986114502,0.9691745042800903,1.958528995513916,0.9298664927482605,1.7923916965030036
1.2539024353027344,0.8056763410568237,1.8380358219146729,0.9917279481887817,1.7189279794692993,0.8097826838493347,1.7075701760979363
1.3555033206939697,0.7947705984115601,2.067352771759033,0.6220184564590454,2.03198504447937,0.6571745276451111,1.6720978486954092
1.1890828609466553,0.7186212539672852,1.1716231107711792,0.46059539914131165,1.1283670663833618,0.7003561854362488,1.6232492903979006
1.139591932296753,0.6749719977378845,1.1741223335266113,0.47035354375839233,1.0957062244415283,0.5487871766090393,1.5440680443502757
1.1543469429016113,0.666831374168396,1.243919014930725,0.463731050491333,1.2748668193817139,0.6872056722640991,1.5314789170422551
1.067434549331665,0.653354823589325,0.9442241787910461,0.5737031102180481,0.9980626106262207,0.5704397559165955,1.380211241711606
1.2127580642700195,0.7182465195655823,1.1889698505401611,0.6216690540313721,1.1585763692855835,0.543757438659668,1.4471580313422192
1.1080238819122314,0.717357873916626,1.193374752998352,0.7634201049804688,1.1873009204864502,0.6192864775657654,1.4313637641589874
1.1756408214569092,0.6663798689842224,1.2419623136520386,0.5640584230422974,1.1911457777023315,0.6145066618919373,1.414973347970818
1.0355844497680664,0.5739232897758484,0.9703629612922668,0.5733364224433899,1.075350284576416,0.5356209874153137,1.3222192947339193
1.2692060470581055,0.689128041267395,1.170072317123413,0.5549954175949097,1.3177392482757568,0.6236390471458435,1.3222192947339193
1.198135256767273,0.6734365820884705,1.2343088388442993,0.7625032067298889,1.2372075319290161,0.6174767017364502,1.1760912590556813
1.4362409114837646,0.553978443145752,1.3299695253372192,0.6175655126571655,1.34425687789917,0.6233198046684265,1.2304489213782739
1.2195450067520142,0.6844144463539124,1.360058307647705,0.5752984881401062,1.0718963146209717,0.5694370269775391,1.146128035678238
1.2448937892913818,0.5279771685600281,1.339051365852356,0.6238917708396912,1.3509539365768433,0.5338612794876099,1.2787536009528289
1.4106454849243164,0.5535940527915955,1.318999171257019,0.4693939685821533,1.3558764457702637,0.5276927351951599,1.2041199826559248
1.346882939338684,0.5265753865242004,1.3619250059127808,0.7475109696388245,1.3527719974517822,0.6096558570861816,1.2041199826559248
1.193690538406372,0.5738203525543213,1.4202921390533447,0.781298816204071,1.3021597862243652,0.6299485564231873,1.1760912590556813
1.7608671188354492,0.7112176418304443,1.7400864362716675,0.6362043619155884,1.6405396461486816,0.6931750178337097,1.4471580313422192
1.7941570281982422,0.5640943050384521,1.6733698844909668,0.47121843695640564,1.6685081720352173,0.552925169467926,1.414973347970818
1.7884166240692139,0.7296629548072815,1.757570505142212,0.5596160292625427,1.7874115705490112,0.6784629225730896,1.3424226808222062
1.5772554874420166,0.5818651914596558,1.841224193572998,0.5555177927017212,1.6154394149780273,0.5420969128608704,1.3010299956639813
1.7184656858444214,0.7109969854354858,1.687290906906128,0.690616250038147,1.7915462255477905,0.6355751752853394,1.5831987739686226
1.487466812133789,0.6068544387817383,1.6174120903015137,0.6053600907325745,1.6916899681091309,0.6270160675048828,1.3010299956639813
1.1584057807922363,0.5635947585105896,1.1763859987258911,0.6137270331382751,1.1947351694107056,0.592019259929657,1.3010299956639813
1.3269938230514526,0.6127863526344299,1.2992993593215942,0.6494120955467224,1.3406100273132324,0.6531824469566345,1.221848758302246
1.3549957275390625,0.7363018989562988,1.1228848695755005,0.6308619379997253,1.156217336654663,0.6213342547416687,1.1549019512998535
0.5411187410354614,0.537266194820404,0.6630585789680481,0.5122936964035034,0.6737778782844543,0.5148999691009521,0.8860566650649422
0.7444055080413818,0.6977583169937134,0.8044201731681824,0.647465169429779,1.0484107732772827,0.7514355778694153,1.0969100130080565
0.9734385013580322,0.6286395192146301,0.7159672975540161,0.6306847333908081,0.8789028525352478,0.559739351272583,0.9586073104988301
0.11848104000091553,0.5310485363006592,0.15096616744995117,0.5339785814285278,0.31449830532073975,0.5648372173309326,0.8860566650649422
1.8393986225128174,0.6898657083511353,2.1107585430145264,0.5394219160079956,2.111611843109131,0.7602919936180115,1.3617278360175928
1.881895661354065,0.6399851441383362,1.791353464126587,0.5533751845359802,1.8064814805984497,0.5833342671394348,1.0755469613925308
1.1395854949951172,0.5451263189315796,1.2405574321746826,0.530178427696228,1.4018903970718384,0.5617601871490479,0.9777236052888477
1.6292805671691895,0.8995292782783508,1.6960742473602295,0.961061418056488,1.5910552740097046,0.9869365692138672,0.6989700043360189
0.8547363877296448,0.9858989715576172,0.8543722629547119,0.9538321495056152,0.7722769379615784,0.9126052260398865,1.4771212547196624
0.8750050067901611,0.7859715223312378,0.8485329151153564,0.8808603286743164,0.7980493307113647,0.9118539094924927,1.3979400086720377
0.9414618015289307,0.8326169848442078,1.0037906169891357,0.8333809971809387,1.064345121383667,0.8439124822616577,0.9030899869919435
1.068251132965088,0.8737531304359436,1.1131007671356201,0.8571648001670837,1.023611307144165,0.8618680238723755,1.1760912590556813
1.397262454032898,0.8338490724563599,1.4949287176132202,0.8462507724761963,1.4546231031417847,0.8624988794326782,1.3783979009481377
1.4495426416397095,0.861163318157196,1.584709882736206,0.85776686668396,1.3905036449432373,0.897809624671936,1.3010299956639813
1.495462417602539,1.1487942934036255,1.3004271984100342,0.9529426693916321,1.3923143148422241,0.9253270030021667,1.1760912590556813
1.3922041654586792,1.0479793548583984,1.5301710367202759,0.8685579895973206,1.5355674028396606,0.8915663957595825,1.146128035678238
0.45686042308807373,0.5936827063560486,0.4968370199203491,0.5671551823616028,0.7819843888282776,0.541006863117218,0.572762898855467
0.5749237537384033,0.5954715609550476,0.5681594610214233,0.512540876865387,0.7890731692314148,0.5851757526397705,0.5783216808001675
1.087010383605957,0.6109600067138672,1.0568503141403198,0.5989915132522583,1.1329439878463745,0.5292392373085022,0.6336295186630205
1.3326551914215088,0.6162209510803223,1.3254683017730713,0.6030490398406982,1.5705994367599487,0.5039162635803223,0.7517713333546332
1.1728066205978394,0.6100468635559082,0.9288448691368103,0.601145327091217,1.2745285034179688,0.6158274412155151,0.5154377414620255
1.6514898538589478,0.671054482460022,1.5289278030395508,0.6726208329200745,1.6045479774475098,0.7040721774101257,0.5470103885032926
0.8432080745697021,0.7474680542945862,0.7134356498718262,0.7720842361450195,0.6314582824707031,0.7437677383422852,0.6989700043360189
0.5145388841629028,0.7698307633399963,0.39836812019348145,0.5372169017791748,0.29339849948883057,0.8690875172615051,0.38021124171160603
0.5959134101867676,0.9360467791557312,0.4221529960632324,0.7584870457649231,0.5028598308563232,0.8654184937477112,0.11394335230683678
0.6225409507751465,0.7438833713531494,0.6856356859207153,0.8631316423416138,0.7571349143981934,0.8496639728546143,0.7781512503836436
0.6901170611381531,0.9250843524932861,0.4877495765686035,0.8172385096549988,0.34438157081604004,0.867979109287262,0.47712125471966244
0.6206995248794556,0.935701847076416,0.5152785778045654,0.7781497240066528,0.46416783332824707,0.7946837544441223,0.3424226808222063
0.8408881425857544,0.9216203689575195,0.7784859538078308,0.8628228902816772,1.1186482906341553,0.7751615047454834,1.1760912590556813
0.11595690250396729,0.8865784406661987,0.6129217147827148,0.7944243550300598,0.6573473215103149,0.8648911118507385,0.8750612633917001
0.7359098196029663,0.9349528551101685,0.6588436961174011,0.8025047183036804,0.6804935336112976,0.8654069304466248,0.6020599913279624
0.8846737146377563,0.5501170754432678,0.8389955759048462,0.5583253502845764,0.711811900138855,0.6208462715148926,0.3010299956639812
0.6831231117248535,0.5441230535507202,0.4323989152908325,0.4835852384567261,0.5632686614990234,0.5526632070541382,2.012837224705172
0.9595756530761719,0.5586008429527283,0.6324139833450317,0.48346608877182007,0.9621138572692871,0.5680481791496277,1.2041199826559248
0.883432149887085,0.5532233119010925,0.8053250908851624,0.5959259867668152,0.6154075860977173,0.5433167815208435,0.921686475483602
0.6682775616645813,0.6112001538276672,0.773486852645874,0.5752451419830322,0.8165297508239746,0.5287797451019287,0.8937617620579434
0.7093508243560791,0.5640814304351807,0.5177477598190308,0.47215577960014343,0.8012770414352417,0.527592658996582,0.8305886686851442
0.6403322815895081,0.6077792048454285,0.5205707550048828,0.47224918007850647,0.6486835479736328,0.5577487945556641,0.7708520116421442
0.5259815454483032,0.8470215201377869,0.612504243850708,0.6256409883499146,0.6142560243606567,0.7199445366859436,0.5314789170422551
0.9452669620513916,0.6112017035484314,0.8601825833320618,0.6210770606994629,0.8961056470870972,0.5710683465003967,0.3424226808222063
1.0828357934951782,0.555690348148346,1.0872033834457397,0.5473655462265015,1.0810837745666504,0.5665625929832458,1.5010592622177514
0.6316295862197876,0.8447411060333252,0.6362209320068359,0.5466415286064148,0.7078557014465332,0.6166198253631592,0.6232492903979004
0.8992683291435242,0.5372424125671387,0.9499661326408386,0.5157186388969421,0.7351884245872498,0.5415396690368652,1.0644579892269186
0.7160664200782776,0.6621442437171936,0.561943769454956,0.48151645064353943,0.7092231512069702,0.6377187967300415,2.4082399653118496
1.4029059410095215,0.556296169757843,1.3397976160049438,0.6133415102958679,1.3850717544555664,0.5330501198768616,0.6532125137753437
1.1687934398651123,0.6098922491073608,1.4053370952606201,0.5209609866142273,1.2901958227157593,0.5456258654594421,0.568201724066995
1.4922451972961426,0.4878564178943634,1.3252034187316895,0.5711209177970886,1.2602837085723877,0.5421860814094543,1.7151673578484579
1.2260981798171997,0.593410074710846,1.3134199380874634,0.5805148482322693,1.256239652633667,0.5544610023498535,0.5910646070264992
1.1920421123504639,0.6102210283279419,1.0157393217086792,0.4682314395904541,1.249908447265625,0.5528865456581116,1.5550944485783191
1.210985541343689,0.7698550224304199,1.2567187547683716,0.671662449836731,1.085433006286621,0.7243688702583313,0.8512583487190752
1.166866421699524,0.6622871160507202,1.415147066116333,0.6259650588035583,1.2984437942504883,0.5638236403465271,2.44870631990508
1.5005757808685303,0.5585020780563354,1.488885760307312,0.6292091012001038,1.405797004699707,0.5793958902359009,0.505149978319906
1.0441133975982666,0.7082957625389099,1.1887218952178955,0.8991636037826538,1.2749155759811401,0.8728285431861877,1.9822712330395684
2.3925795555114746,0.5045451521873474,2.4748356342315674,0.5109882354736328,2.6989641189575195,0.578126072883606,2.2973957102789804
2.3225555419921875,0.5115059018135071,2.4464175701141357,0.5292648673057556,2.571126937866211,0.5198341608047485,3.6560342834463664
2.5628256797790527,0.5885682106018066,2.3863108158111572,0.5413529872894287,2.3944125175476074,0.5308234691619873,3.6560342834463664
2.5780439376831055,0.5155152082443237,2.6329433917999268,0.5255695581436157,2.6487832069396973,0.5081850290298462,2.900913067737669
2.578751564025879,0.5211355090141296,2.5561983585357666,0.5371764898300171,2.6472818851470947,0.5291757583618164,2.9060179692461596
2.773266553878784,0.5315651893615723,2.5561983585357666,0.5371764898300171,2.6472818851470947,0.5291757583618164,2.900913067737669
2.9666948318481445,0.5182362794876099,2.8290562629699707,0.545563817024231,3.058504581451416,0.5838835835456848,3.126159652375837
3.220130443572998,0.5427367091178894,3.323030471801758,0.5996224284172058,3.197869300842285,0.5336785316467285,3.109983294819892
1.5234501361846924,1.3141387701034546,1.3512027263641357,1.1861437559127808,1.7289754152297974,1.4034614562988281,2.0
1.5228047370910645,1.3145555257797241,1.6450629234313965,1.3562841415405273,1.9296592473983765,1.156739592552185,2.0
1.9088679552078247,0.5009023547172546,2.174376964569092,0.540290355682373,2.2261693477630615,0.5181702971458435,3.674952948048565
1.9088679552078247,0.5009023547172546,2.2035555839538574,0.5279639363288879,2.198288917541504,0.536902666091919,3.2530955858490316
2.4353749752044678,0.5427476167678833,1.9117286205291748,0.4802068769931793,2.2261693477630615,0.5181702971458435,2.949877704036875
2.078594207763672,0.5032119154930115,1.9282211065292358,0.8287418484687805,2.1591780185699463,0.504593014717102,1.5797835966168101
2.2101337909698486,0.5012847781181335,2.214153289794922,0.5557628273963928,2.057898998260498,0.49990612268447876,1.7781512503836436
2.1494240760803223,0.5410164594650269,2.2022616863250732,0.5725091099739075,2.035175323486328,0.7052723169326782,1.9912260756924949
1.9184439182281494,0.7843107581138611,2.3123669624328613,0.5627787709236145,2.09017014503479,0.7259970903396606,2.1271047983648077
0.6303725242614746,0.5468481779098511,0.9541217088699341,0.524595320224762,0.8661706447601318,0.5068873167037964,0.6004987225948004
0.7108241319656372,0.5214673280715942,0.607450008392334,0.49844950437545776,0.6273316144943237,0.5087014436721802,0.6422230685031098
0.5774798393249512,0.47847896814346313,1.0300136804580688,0.5184172987937927,0.7516946792602539,0.5087510943412781,0.6863197266147095
0.820184051990509,0.567788302898407,0.6368976831436157,0.4973006546497345,0.43130242824554443,0.6405299305915833,0.7554006825805436
0.9708836078643799,0.5151016712188721,0.7895197868347168,0.506256103515625,1.108886480331421,0.52065509557724,0.6584906695724873
0.8736198544502258,0.51715487241745,0.8020656108856201,0.5127808451652527,1.2562334537506104,0.5278443098068237,0.6922690907616533
0.7061002254486084,0.49237358570098877,0.6984016299247742,0.4979347288608551,1.2103655338287354,0.4992886781692505,0.7236088385015975
0.7782794833183289,0.6885253190994263,0.6571599841117859,0.4766533076763153,0.5789624452590942,0.6454328894615173,0.7704644333502404
1.0854911804199219,0.4912055730819702,1.0208947658538818,0.5035381317138672,1.1945549249649048,0.5099202990531921,0.537789008123533
0.9766358733177185,0.4932120442390442,1.4907705783843994,0.5196263790130615,1.074645757675171,0.5085015296936035,0.6004987225948004
0.9530889391899109,0.4926599860191345,1.44613778591156,0.5192791819572449,1.4520208835601807,0.5024418234825134,0.6321616891371097
1.1285054683685303,0.7011951804161072,1.1071550846099854,0.5071914792060852,1.3019862174987793,0.5083373188972473,0.7152834888984626
1.1642478704452515,0.5190320611000061,1.299149990081787,0.5096085667610168,1.5538798570632935,0.519092857837677,0.5026753343752224
1.1397264003753662,0.5009347200393677,1.2784199714660645,0.5202000737190247,1.6139575242996216,0.5337691903114319,0.5543355246304233
1.1825296878814697,0.4840433597564697,1.5925683975219727,0.5241747498512268,1.0027722120285034,0.5201169848442078,0.5741697566312904
1.2130521535873413,0.7034916877746582,1.6731339693069458,0.6371636390686035,1.2807573080062866,0.4926774203777313,0.6710797696393469
0.971411943435669,0.5225275158882141,1.1206028461456299,0.48224273324012756,1.3259731531143188,0.5450406074523926,0.4839931619052586
1.4632078409194946,0.5570970177650452,1.2486648559570312,0.5757224559783936,1.4099390506744385,0.5334121584892273,0.5072229862964996
1.1083924770355225,0.5706141591072083,1.1598023176193237,0.5625221729278564,1.3946865797042847,0.5398769974708557,0.5117235111953695
1.2674033641815186,0.7370036244392395,0.9665325284004211,0.5839795470237732,1.4397116899490356,0.5544204115867615,0.5419851445059987
1.4418561458587646,0.6847350001335144,0.9570595622062683,0.6116641759872437,1.1118385791778564,0.672433614730835,1.3010299956639813
1.1020936965942383,0.7082602977752686,1.1241600513458252,0.6629423499107361,1.3304332494735718,0.5804659724235535,1.708675792726537
1.4452705383300781,0.9338991045951843,1.9422478675842285,0.8298637270927429,1.5159732103347778,1.1663869619369507,1.2730012720637376
1.1624956130981445,0.7054256200790405,1.5313677787780762,0.48963773250579834,1.5691547393798828,0.8797388076782227,1.6327608884794387
1.5006269216537476,0.78542560338974,1.350275993347168,0.6707489490509033,1.6446460485458374,0.8871729373931885,1.675228253593064
1.444362998008728,0.7707632184028625,1.4074512720108032,0.6352270245552063,1.483963131904602,0.6358036994934082,1.8093576702111058
1.5453077554702759,0.7674635648727417,1.300024390220642,0.6619670987129211,1.5357087850570679,0.6400304436683655,1.6030360562505217
1.5292026996612549,0.6113390326499939,1.5983613729476929,0.6292704939842224,1.4573564529418945,0.6495687365531921,1.5922878159521308
1.5773154497146606,0.6820243000984192,1.6018962860107422,0.6608732342720032,1.9715099334716797,0.8719066381454468,1.5613399414589013
1.5709539651870728,0.6023440361022949,2.08646821975708,0.5351862907409668,2.0544192790985107,0.526033341884613,0.6211762817750351
1.4233121871948242,0.6375955939292908,2.182349443435669,0.5333725810050964,2.14845609664917,0.5236198306083679,0.9072500828813285
2.4072649478912354,0.512106716632843,1.7296216487884521,0.46852824091911316,1.8483906984329224,0.6212210655212402,1.4520625774204234
1.5089296102523804,0.9518566131591797,2.4161489009857178,0.603962779045105,2.226046562194824,0.6139438152313232,2.281091665663499
1.9895765781402588,0.6428653597831726,1.95578134059906,0.47531208395957947,1.8891316652297974,0.6681199073791504,2.106299572916015
2.36837100982666,0.6065172553062439,2.403878688812256,0.6236757636070251,2.208143949508667,0.6679682731628418,2.0163904168315687
2.0793676376342773,0.6170547008514404,2.0078883171081543,0.5668325424194336,2.548529863357544,0.5474537014961243,1.9375075510718127
1.8828797340393066,0.6267907023429871,2.673426866531372,0.5473487377166748,2.58231520652771,0.5438576936721802,1.8669264750160817
2.2473273277282715,0.8612571954727173,2.456608772277832,0.736754834651947,2.6205339431762695,0.5522214770317078,1.7981014785788747
1.8596910238265991,0.6239718198776245,2.629065990447998,0.5335032343864441,2.0474021434783936,0.6177554130554199,1.7928247593001219
2.256167411804199,0.6632717251777649,2.2478275299072266,0.726362943649292,2.6069560050964355,0.520080029964447,1.7513580706372016
1.926889181137085,0.5930770039558411,2.0556540489196777,0.5657585859298706,2.6298282146453857,0.5460088849067688,1.790102116443042
2.1315884590148926,0.5765226483345032,1.9850444793701172,0.6780863404273987,2.6263914108276367,0.5409727692604065,2.369698138949881
0.311393141746521,0.8899516463279724,0.28811776638031006,0.6033077239990234,0.20610415935516357,0.9456986784934998,1.3617278360175928
0.431624174118042,0.7680463790893555,0.49446213245391846,0.8663727045059204,0.23736488819122314,0.9457338452339172,0.5797835966168101
0.3866628408432007,0.8897379040718079,0.5667908191680908,0.8137527108192444,0.2758680582046509,0.9458559155464172,0.38021124171160603
0.5976244211196899,0.8124150633811951,0.3562699556350708,0.6034321188926697,0.5835305452346802,0.8341740369796753,0.47712125471966244
0.6130160093307495,0.728410542011261,0.6388970017433167,0.81390780210495,0.6409435272216797,0.8330618739128113,0.3010299956639812
0.6189948320388794,0.8911109566688538,0.7346326112747192,0.8668414354324341,0.7929067015647888,0.7500082850456238,0.43136376415898736
0.9282544851303101,0.8157771825790405,0.9230826497077942,0.8027393221855164,0.9430224299430847,0.7752506136894226,0.5797835966168101
1.5974712371826172,0.494220107793808,1.8744962215423584,0.4602557420730591,1.71742582321167,0.49264922738075256,1.7011469211582442
1.9760533571243286,0.4443306624889374,1.9483872652053833,0.42962199449539185,1.786567211151123,0.4916711747646332,1.7011469211582442
1.7734460830688477,0.4942987263202667,1.9017226696014404,0.5041505694389343,2.082361936569214,0.4490838348865509,2.245214967977794
1.93058443069458,0.49563711881637573,2.255392551422119,0.4606139361858368,2.0614917278289795,0.4907979965209961,2.732555387821718
2.0753328800201416,0.5006407499313354,2.3933029174804688,0.466544508934021,2.4794647693634033,0.4626789093017578,3.1672727939401932
1.7292113304138184,0.5590110421180725,1.8787565231323242,0.49013257026672363,2.008812189102173,0.5358386039733887,1.6989700043360187
2.0615041255950928,0.4911315143108368,2.0032896995544434,0.49047476053237915,1.824845314025879,0.6373870968818665,1.9030899869919435
2.3058359622955322,0.5252451300621033,2.1781210899353027,0.45890012383461,1.9199467897415161,0.635783851146698,2.0
2.1554553508758545,0.5452354550361633,2.3376693725585938,0.461416631937027,2.299595355987549,0.526330828666687,2.5160062303860475
2.051853895187378,0.5559993386268616,2.2160451412200928,0.4844229221343994,2.3867135047912598,0.5356025099754333,2.4533183400470375
2.404853343963623,0.47973769903182983,2.2477738857269287,0.47306376695632935,2.3828253746032715,0.5291515588760376,2.0969100130080562
2.4085984230041504,0.5381094217300415,2.253939151763916,0.4658438265323639,2.371779203414917,0.5331563353538513,2.0
2.536377191543579,0.5173429846763611,2.1596553325653076,0.6107901334762573,2.526656150817871,0.528428852558136,1.9637878273455553
1.9524478912353516,0.5719891786575317,2.206923007965088,0.5024009346961975,2.282017230987549,0.5464267730712891,1.9138138523837167
1.8182679414749146,0.5693159103393555,1.9251432418823242,0.46490058302879333,1.6806479692459106,0.6604776978492737,1.9030899869919435
2.3429811000823975,0.48895588517189026,2.2688486576080322,0.49103105068206787,2.081549644470215,0.6354200839996338,1.7323937598229686
2.2881767749786377,0.5234354138374329,2.536680221557617,0.5483049750328064,2.3553903102874756,0.6304510235786438,1.568201724066995
2.2464685440063477,0.567589282989502,2.394646167755127,0.48451587557792664,2.3553903102874756,0.6304510235786438,1.4471580313422192
2.341672658920288,0.5026992559432983,2.368576765060425,0.5069344639778137,2.156625509262085,0.6508682370185852,2.505149978319906
2.587522268295288,0.5233810544013977,2.040055274963379,0.6096892356872559,2.43740177154541,0.5548730492591858,2.4471580313422194
2.069157600402832,0.5631060600280762,2.410276174545288,0.466556191444397,2.457920551300049,0.5526135563850403,2.255272505103306
2.5810484886169434,0.5034882426261902,2.5076417922973633,0.4736594259738922,2.149406909942627,0.6667944192886353,2.2174839442139063
2.4442801475524902,0.5011976361274719,2.5780861377716064,0.4651713967323303,2.5613341331481934,0.5327947735786438,2.832508912706236
1.3905876874923706,0.5293319225311279,0.9619156122207642,0.49959567189216614,1.0059130191802979,0.5005486607551575,0.8830935291101389
2.4599063396453857,0.5350505709648132,2.5463640689849854,0.5260716080665588,2.454530954360962,0.56451815366745,2.8492146064139448
2.616356134414673,0.5128623843193054,2.5549259185791016,0.6672253608703613,2.617734432220459,0.523989737033844,2.8920946026904804
2.2680962085723877,0.6353542804718018,2.7924280166625977,0.6994277238845825,2.522348165512085,0.569102942943573,3.1760912590556813
2.4015278816223145,0.6563943028450012,2.879429578781128,0.46936431527137756,2.701329231262207,0.5574707388877869,3.12057393120585
2.886209011077881,0.6385907530784607,2.858463764190674,0.5365776419639587,2.8305904865264893,0.5493614077568054,3.0969100130080562
2.252474784851074,0.5822833180427551,2.6649622917175293,0.66621333360672,2.5334725379943848,0.5222523808479309,3.0791812460476247
2.8821699619293213,0.5363145470619202,3.011568069458008,0.5290924310684204,2.9842538833618164,0.5370662808418274,3.026669428201376
1.2546186447143555,0.5630174875259399,1.1250712871551514,0.5584271550178528,1.337148904800415,0.5539279580116272,1.7853298350107671
1.300597906112671,0.5240227580070496,1.3381760120391846,0.5410639643669128,1.5702235698699951,0.5194866061210632,1.3010299956639813
0.9018838405609131,0.5911263227462769,0.9312677383422852,0.4784216284751892,0.9636555314064026,0.5273860692977905,0.3979400086720376
1.0937373638153076,0.48241016268730164,0.9541860818862915,0.4775879681110382,0.8973341584205627,0.516441285610199,0.3979400086720376
0.9609881639480591,0.5906245112419128,0.9564687013626099,0.4773281216621399,0.9442063570022583,0.5156925320625305,0.47712125471966244
1.0866771936416626,0.4728696048259735,1.0878041982650757,0.4739146828651428,1.111871361732483,0.521535336971283,0.6020599913279624
1.5152592658996582,0.4867805242538452,1.4251456260681152,0.5465842485427856,1.6582483053207397,0.4712039530277252,0.9542425094393249
-0.13086092472076416,0.5657113194465637,-0.007901549339294434,0.5664623975753784,-0.12347221374511719,0.5392614603042603,0.5314789170422551
1.3251409530639648,0.9491945505142212,1.2691831588745117,0.6966423392295837,1.369527816772461,0.8213713765144348,1.6334684555795866
1.4279197454452515,1.5391473770141602,1.288137674331665,1.450473666191101,1.259738564491272,1.3845829963684082,1.6989700043360187
0.7589253783226013,0.8793336153030396,0.8881005048751831,0.9117917418479919,0.7912582159042358,0.9306450486183167,1.3502480183341627
1.1636985540390015,0.5248797535896301,1.0453672409057617,0.45930594205856323,1.2249295711517334,0.4705834984779358,1.250420002308894
1.560357928276062,0.558120846748352,1.2207210063934326,0.5333310961723328,1.6310008764266968,0.5380256772041321,1.2479732663618066
1.3018633127212524,0.5286388397216797,1.3054360151290894,0.5363706350326538,1.587246060371399,0.7677707076072693,1.24551266781415
2.079511880874634,0.7817965745925903,2.1308767795562744,0.8212932348251343,1.2883628606796265,0.5297918319702148,1.2405492482825997
1.0872671604156494,0.6123659610748291,1.1065170764923096,0.6147348284721375,1.0933024883270264,0.5893245339393616,1.1038037209559568
1.046708106994629,0.5492112636566162,1.0026845932006836,0.6356515288352966,0.9211239218711853,0.6903891563415527,1.0530784434834197
0.9372186660766602,0.7137788534164429,0.9482020735740662,0.63815838098526,0.9775238633155823,0.5901612639427185,1.021189299069938
1.132186770439148,0.5839381814002991,1.2743257284164429,0.566638171672821,1.099200963973999,0.6318894028663635,1.0128372247051722
1.0785062313079834,0.5788218379020691,1.0054833889007568,0.4824082851409912,0.9719839692115784,0.6369881629943848,1.1549019512998535
1.0691503286361694,0.6837109327316284,0.9443627595901489,0.4760645627975464,0.8380168080329895,0.691032350063324,1.0863598306747482
1.1945135593414307,0.6872478127479553,1.1455864906311035,0.5361185073852539,1.1164780855178833,0.6065794825553894,1.0492180226701815
0.9328100681304932,0.7125945091247559,0.9507596492767334,0.4868265390396118,0.8213039636611938,0.6507364511489868,1.041392685158225
1.1188476085662842,0.6363936066627502,1.011258840560913,0.4837675392627716,1.0881941318511963,0.5642493963241577,1.1549019512998535
1.0829119682312012,0.6855751872062683,0.9325939416885376,0.6226289868354797,0.9398782849311829,0.6963712573051453,1.041392685158225
0.9553356766700745,0.5805876851081848,0.9578955769538879,0.5613507628440857,0.9988757967948914,0.5905545353889465,1.021189299069938
1.2081608772277832,0.6887829899787903,1.2133493423461914,0.590992271900177,1.2050479650497437,0.5658765435218811,0.9867717342662448
1.0700961351394653,0.6220603585243225,1.0981178283691406,0.608927309513092,1.233932375907898,0.5805818438529968,1.0969100130080565
1.3100013732910156,0.6761956214904785,1.049812912940979,0.6437147259712219,0.9077427983283997,0.7006381750106812,1.0170333392987803
0.9718775153160095,0.7262161374092102,1.1335656642913818,0.570554256439209,1.0101039409637451,0.5845505595207214,1.0086001717619175
1.2822600603103638,0.5846107602119446,1.093958854675293,0.5768557786941528,1.085842251777649,0.6443814039230347,0.9493900066449128
1.1904534101486206,0.5677379965782166,1.1615493297576904,0.573550820350647,1.1828136444091797,0.5967832207679749,1.0791812460476249
0.9735048413276672,0.6969867944717407,0.9922707676887512,0.6510149836540222,0.8947878479957581,0.6651177406311035,1.0
0.9250701069831848,0.6554118990898132,1.0181000232696533,0.6722790002822876,1.113987684249878,0.5760191679000854,0.9731278535996987
1.276930809020996,0.6812625527381897,1.2769473791122437,0.5621731281280518,1.097487449645996,0.6020219922065735,0.9242792860618817
0.9778710603713989,1.0012476444244385,0.9004577994346619,0.8682431578636169,1.0839064121246338,0.9131931066513062,1.7781512503836436
1.1998062133789062,0.859169065952301,0.8713933825492859,0.6832406520843506,0.9930081963539124,1.0153578519821167,1.380211241711606
1.0295565128326416,0.9360986948013306,0.9092959761619568,0.6840390563011169,1.0315289497375488,1.015351414680481,0.9030899869919435
1.164193868637085,1.0046342611312866,1.0569941997528076,0.8678085803985596,1.1189601421356201,1.0156785249710083,0.8450980400142568
1.9360607862472534,0.9745573401451111,1.977107286453247,1.0104104280471802,2.2345199584960938,0.8842838406562805,2.4673614169369897
2.0191025733947754,0.9751545786857605,2.0513296127319336,1.009090781211853,2.6414952278137207,0.942410409450531,2.6020599913279625
2.177443504333496,0.9781273603439331,2.179417133331299,1.0066310167312622,2.6474478244781494,0.9576751589775085,2.6434526764861874
2.446012496948242,0.8487930297851562,2.685914993286133,0.6182293891906738,2.533088207244873,0.8803094625473022,2.681241237375587
0.5387386083602905,0.6608478426933289,0.6823012828826904,0.7455530166625977,0.6427111029624939,0.6341888308525085,0.9395192526186185
0.93998783826828,0.6973985433578491,0.9126433730125427,0.6074528694152832,0.9521463513374329,0.6737118363380432,0.7708520116421442
0.2850106954574585,0.7111020684242249,0.27052831649780273,0.7734553217887878,0.2568681240081787,0.7105072736740112,0.17609125905568124
0.8655145168304443,0.6670699715614319,0.8426588773727417,0.5972837209701538,0.7934170961380005,0.6174696087837219,1.0644579892269186
1.1867187023162842,0.667833685874939,1.2736912965774536,0.7454423904418945,1.0858911275863647,0.7013974189758301,0.8325089127062363
1.2622700929641724,0.6944628953933716,1.331754207611084,0.6288825273513794,1.2493494749069214,0.6883606314659119,1.2227164711475833
1.4645147323608398,0.730530321598053,1.5158741474151611,0.7476093769073486,1.4150454998016357,0.6819713115692139,1.2648178230095364
0.9951248168945312,1.1502327919006348,0.813805103302002,0.9977824687957764,0.8843007683753967,0.9583941102027893,1.5910645958907432
1.126155138015747,0.7857977151870728,1.1888792514801025,0.7732903957366943,1.1559288501739502,0.6931004524230957,0.9731278535996987
0.7655991911888123,0.7383430004119873,0.9579991698265076,0.7732739448547363,0.9440694451332092,0.7696002125740051,0.7160033436347992
0.47561800479888916,0.7891504168510437,0.36912035942077637,0.8118990063667297,0.4960368871688843,0.7643887400627136,0.5563025007672873
1.3781695365905762,0.8610072731971741,1.3720670938491821,0.786422848701477,1.4230412244796753,0.8341909646987915,1.0086001717619175
1.053232192993164,0.7873843312263489,0.9624994397163391,0.7868090271949768,1.1426104307174683,0.762980580329895,0.8129133566428556
1.4174342155456543,0.8758053779602051,1.465970516204834,0.5562605857849121,1.3937385082244873,0.6666597723960876,1.4785664955938433
1.6974132061004639,0.9033399820327759,1.6355504989624023,0.7612937688827515,1.5786577463150024,0.8674097061157227,1.4941545940184429
1.358809232711792,1.1092935800552368,1.382519245147705,1.1646497249603271,1.1660258769989014,1.0030437707901,1.6830470382388496
2.57448673248291,0.4758128225803375,2.6859540939331055,0.44449907541275024,2.2614755630493164,0.5068798065185547,3.361727836017593
2.4999544620513916,0.48589932918548584,2.6962084770202637,0.4845246970653534,2.257575035095215,0.5181185007095337,3.3010299956639813
2.7293741703033447,0.4845210313796997,2.7418692111968994,0.4807675778865814,2.5658812522888184,0.5071098804473877,3.146128035678238
2.5015769004821777,0.524853527545929,2.6840291023254395,0.5045280456542969,2.69573974609375,0.4805884063243866,2.9956351945975497
2.5360169410705566,0.48472893238067627,2.6231627464294434,0.4884686768054962,2.680135488510132,0.4766152501106262,3.342422680822206
2.4835634231567383,0.5172702670097351,2.41489315032959,0.5147783756256104,2.3075053691864014,0.5180902481079102,3.037426497940624
2.7106528282165527,0.5215694308280945,2.8304553031921387,0.449034720659256,2.4737346172332764,0.519259512424469,3.0170333392987803
2.552051544189453,0.5246692299842834,2.798309326171875,0.5077535510063171,2.383434772491455,0.512305498123169,3.0
2.598308563232422,0.4844812750816345,2.491231918334961,0.5157656073570251,2.59987735748291,0.48886585235595703,3.0211892990699383
2.821669578552246,0.4919811189174652,2.793187379837036,0.5003250241279602,2.3778536319732666,0.5183979272842407,3.3010299956639813
2.7820820808410645,0.5220292806625366,2.831179618835449,0.4929303526878357,2.6692087650299072,0.5079240202903748,3.0170333392987803
2.6236484050750732,0.5247887372970581,2.8213648796081543,0.44953691959381104,2.4523496627807617,0.5121695399284363,2.9542425094393248
2.7553818225860596,0.5213295817375183,3.0271432399749756,0.5261533856391907,2.9820940494537354,0.4886648952960968,4.0
3.070390224456787,0.5895237922668457,3.47499418258667,0.49061521887779236,3.6081442832946777,0.6548541188240051,2.9542425094393248
3.576016902923584,0.92585289478302,3.665541172027588,1.045784592628479,3.0342109203338623,1.0168040990829468,2.845098040014257
2.8608815670013428,0.48827576637268066,2.771942615509033,0.5176798701286316,3.066169023513794,0.4726170301437378,2.6020599913279625
2.9695963859558105,0.48410943150520325,3.0305747985839844,0.5030913949012756,2.6539461612701416,0.5095279216766357,2.4771212547196626
2.8774423599243164,0.5742994546890259,2.671238899230957,0.5274909734725952,2.585066080093384,0.527343213558197,2.3010299956639813
2.8161890506744385,0.5192894339561462,3.013700008392334,0.4766921103000641,3.087251663208008,0.47357556223869324,2.6232492903979003
3.115278482437134,0.48573625087738037,3.1141908168792725,0.5139549374580383,3.1420412063598633,0.4765941798686981,2.6434526764861874
3.081578016281128,0.4928179085254669,3.1425023078918457,0.5145067572593689,3.031825304031372,0.4666837453842163,2.6627578316815743
1.0592970848083496,0.5528512001037598,1.220558524131775,0.46522262692451477,0.8453506827354431,0.5398242473602295,1.1549019512998535
1.5007588863372803,0.5085803866386414,1.077890396118164,0.6372186541557312,1.6538293361663818,0.5009393095970154,1.7853298350107671
1.0679616928100586,0.5151165723800659,0.43170487880706787,0.5783384442329407,0.7486023902893066,0.6716014742851257,1.255272505103306
0.940575361251831,0.6230630874633789,1.6610808372497559,0.5144597291946411,1.7114008665084839,0.515783965587616,1.9344984512435677
0.7621151804924011,0.6026269793510437,0.6784095168113708,0.5647630095481873,0.8518019914627075,0.6692599654197693,1.3617278360175928
1.2029422521591187,0.630656898021698,1.9417983293533325,0.5160405039787292,2.0460453033447266,0.5029633641242981,2.1522883443830563
1.0376205444335938,0.60511314868927,0.8127308487892151,0.5766076445579529,1.051832675933838,0.6334701776504517,1.5563025007672873
1.4508236646652222,0.6450066566467285,1.597111463546753,0.4911695122718811,1.5759459733963013,0.6551172137260437,2.419955748489758
1.4772489070892334,0.6323909759521484,0.9982132315635681,0.5750174522399902,1.7968647480010986,0.5103152990341187,1.9344984512435677
0.8255754709243774,0.5116966962814331,1.0090391635894775,0.4752699136734009,1.4630985260009766,0.5166617631912231,-0.09691001300805639
0.971289336681366,0.4977017641067505,1.0706249475479126,0.44504210352897644,1.399188756942749,0.5010161399841309,0.07918124604762482
1.4157052040100098,0.49872130155563354,1.532432198524475,0.5083843469619751,1.2219899892807007,0.48767372965812683,0.21748394421390624
1.2058627605438232,0.46901488304138184,1.6526786088943481,0.5084633231163025,1.5794541835784912,0.4975864887237549,0.5877109650189114
1.2752699851989746,0.5058239698410034,1.4906021356582642,0.4762674570083618,1.5865241289138794,0.4900204837322235,1.3222192947339193
1.475854516029358,0.5046111345291138,1.5904772281646729,0.4821678698062897,1.7144780158996582,0.4951643943786621,1.2810333672477277
1.5703885555267334,0.4737144410610199,2.034022092819214,0.5148230195045471,2.0610992908477783,0.520313560962677,1.2227164711475833
1.3674191236495972,0.5068677663803101,1.6049199104309082,0.44771459698677063,1.657999038696289,0.485952228307724,0.9084850188786497
1.880612850189209,0.5017517805099487,1.3654943704605103,0.4957507252693176,1.5926032066345215,0.47213658690452576,1.1986570869544226
1.668183445930481,0.46449926495552063,1.6908773183822632,0.4464982748031616,2.1116437911987305,0.5149726867675781,1.1818435879447726
1.6844403743743896,0.501365065574646,1.5332512855529785,0.49152871966362,2.2320291996002197,0.5135378837585449,1.7972675408307164
2.063368797302246,0.4634823799133301,1.9945913553237915,0.47293195128440857,2.1100759506225586,0.4842962622642517,2.5514499979728753
2.1062495708465576,0.48190030455589294,2.1325652599334717,0.4473719894886017,2.6179325580596924,0.49895626306533813,2.550717423469283
1.9618346691131592,0.5083869695663452,2.1117234230041504,0.44741636514663696,2.1434216499328613,0.4756198525428772,1.909020854211156
1.2386558055877686,0.5761984586715698,0.9288365244865417,0.47168609499931335,0.9456385374069214,0.5634253025054932,1.3364597338485296
2.048586845397949,0.9059436321258545,1.1361262798309326,0.8282153010368347,2.0433859825134277,0.7389982342720032,1.4857214264815801
0.9817299246788025,0.7247886657714844,1.1704541444778442,0.7566572427749634,0.9197223782539368,0.7702414393424988,1.5954962108028714
1.3835338354110718,0.5769684314727783,1.0610268115997314,0.6603575348854065,1.0242879390716553,0.5942357182502747,1.0128372247051722
1.6659024953842163,0.675134003162384,1.2314709424972534,0.5257797837257385,1.2023351192474365,0.5448578596115112,1.1958996524092338
1.1402443647384644,0.5485931634902954,0.9288894534111023,0.4880813658237457,1.1021701097488403,0.5821876525878906,1.221848758302246
1.663807988166809,0.9128572940826416,1.8979038000106812,1.0569169521331787,1.1741870641708374,0.53103107213974,1.0457574862177303
2.1079185009002686,0.4893459975719452,2.0524768829345703,0.5080104470252991,2.1932992935180664,0.48526546359062195,1.968482948553935
0.9016551375389099,1.071179747581482,0.8398647308349609,1.1604641675949097,1.3245919942855835,0.9623799920082092,1.6232492903979006
2.0172860622406006,0.9005751013755798,2.3010618686676025,1.0058557987213135,1.705712080001831,0.5093985795974731,1.4771212547196624
2.117436647415161,0.9232879877090454,2.403146266937256,1.0062860250473022,2.361964702606201,0.741362452507019,1.6989700043360187
2.0535378456115723,0.6047549843788147,1.3743433952331543,0.5270633697509766,1.3274164199829102,0.5136942267417908,1.6989700043360187
1.5403978824615479,0.5178214907646179,1.54752779006958,0.5310743451118469,1.6772950887680054,0.5217164754867554,1.9344984512435677
1.7713124752044678,0.49959447979927063,2.0960676670074463,0.6331514120101929,2.3672966957092285,0.9220443367958069,1.8864907251724818
2.461354970932007,0.6065510511398315,2.361438512802124,0.7002156972885132,2.343031883239746,0.6853883266448975,2.322219294733919
2.0868988037109375,0.9482945799827576,1.9265676736831665,0.6397550702095032,2.134566307067871,0.9515538811683655,1.9084850188786497
2.1838786602020264,0.9491715431213379,2.0839943885803223,0.7447624206542969,2.1823320388793945,0.9178082346916199,2.937517892017347
1.3596833944320679,0.5075209140777588,1.9557445049285889,0.6767030358314514,1.8915057182312012,0.6577441692352295,1.7781512503836436
2.262645959854126,0.7939637303352356,2.1795711517333984,0.6390038728713989,1.9485927820205688,0.5117558240890503,3.7104558643354246
2.232560396194458,0.6170247197151184,2.1323540210723877,0.6770899295806885,2.056715250015259,0.6569905281066895,2.8432327780980096
2.333054780960083,0.6212716102600098,2.335334062576294,0.6143114566802979,1.7150211334228516,0.513664722442627,3.287801729930226
2.5201122760772705,1.2306004762649536,2.512608766555786,1.1978143453598022,2.493351459503174,1.1425689458847046,1.4885507165004443
2.0576207637786865,0.4968142509460449,1.9771714210510254,0.5442762970924377,2.0215463638305664,0.5195894837379456,1.7242758696007892
2.0553929805755615,0.49738404154777527,1.959403157234192,0.502493679523468,1.910293459892273,0.4937072992324829,1.6334684555795866
1.927741527557373,0.5275173187255859,1.9965373277664185,0.5051561594009399,2.03385853767395,0.5029879808425903,1.5440680443502757
2.174433708190918,0.4663098156452179,2.07495379447937,0.43565094470977783,2.0751187801361084,0.4812021851539612,1.4913616938342726
1.4137392044067383,0.504776120185852,1.3725274801254272,0.48802345991134644,1.4463448524475098,0.47046563029289246,1.255272505103306
1.9310119152069092,0.5315316915512085,1.9129459857940674,0.53094482421875,2.0823984146118164,0.5179144144058228,1.8808135922807914
2.1214640140533447,0.49698808789253235,2.0321240425109863,0.45127707719802856,2.1658473014831543,0.5061629414558411,1.8195439355418688
1.985493540763855,0.5128480195999146,2.0425126552581787,0.5323501825332642,2.094869375228882,0.5017865896224976,1.7481880270062005
2.1612582206726074,0.45381563901901245,2.1613638401031494,0.47989270091056824,2.1267337799072266,0.5110129117965698,1.6812412373755872
1.5083640813827515,0.4685499370098114,1.485605001449585,0.5143482089042664,1.3941302299499512,0.45922166109085083,1.5314789170422551
2.129657745361328,0.5310299396514893,2.0156893730163574,0.5335313081741333,1.941127896308899,0.5408939123153687,2.155336037465062
2.1550374031066895,0.5095055103302002,2.1248583793640137,0.5005694031715393,2.101935386657715,0.49027904868125916,2.0644579892269186
2.096148729324341,0.5244386196136475,2.047441244125366,0.5266479253768921,2.0547585487365723,0.5209497809410095,1.9867717342662448
2.333089828491211,0.46367397904396057,2.256800651550293,0.46019551157951355,2.24186372756958,0.4543929696083069,1.919078092376074
1.6108131408691406,0.4675852358341217,1.5773049592971802,0.4803123474121094,1.5977058410644531,0.5113494992256165,1.7323937598229686
2.298569679260254,0.5903621912002563,2.2304749488830566,0.4657116234302521,2.260244846343994,0.5698794722557068,2.651278013998144
2.282050609588623,0.5093572735786438,2.29685378074646,0.5014570951461792,2.288079261779785,0.4896189570426941,2.525044807036845
2.3439059257507324,0.4979921281337738,2.321582555770874,0.5321986079216003,2.2245285511016846,0.5236026048660278,2.428134794028789
2.3809759616851807,0.456336110830307,2.387183666229248,0.46615076065063477,2.392388343811035,0.4800744354724884,2.296665190261531
1.6700224876403809,0.45237115025520325,1.7505569458007812,0.4644136130809784,1.7184724807739258,0.4966668486595154,2.100370545117563
2.356801748275757,0.595905065536499,2.3177921772003174,0.46958014369010925,2.3880646228790283,0.5757988095283508,2.2095150145426308
2.409238576889038,0.5200089812278748,2.5089774131774902,0.5144810676574707,2.497615337371826,0.5158200860023499,2.1172712956557644
2.4887638092041016,0.5080254673957825,2.405223846435547,0.5648185610771179,2.4265336990356445,0.5055198669433594,2.0644579892269186
2.417524814605713,0.45164376497268677,2.487205982208252,0.47261953353881836,2.5318453311920166,0.5014501810073853,1.9084850188786497
1.6906770467758179,0.46206027269363403,1.8005762100219727,0.49196621775627136,1.9131942987442017,0.5012466907501221,1.845098040014257
2.3006622791290283,0.6021243333816528,2.4100940227508545,0.5476074814796448,2.340010643005371,0.5444682836532593,2.0569048513364727
2.415241241455078,0.5263276696205139,2.421499252319336,0.5221909284591675,2.425086259841919,0.5270931720733643,2.0086001717619175
2.3268442153930664,0.5439876914024353,2.2937512397766113,0.5497087240219116,2.3541204929351807,0.5189653038978577,1.9084850188786497
2.59446382522583,0.4706094264984131,2.553117275238037,0.47733280062675476,2.4785165786743164,0.45834842324256897,1.8260748027008264
1.6557501554489136,0.4652926027774811,1.873891830444336,0.4943307042121887,1.7465780973434448,0.47100940346717834,1.7323937598229686
2.168814182281494,0.5590411424636841,2.364002227783203,0.5577986836433411,2.271289587020874,0.5475026965141296,3.330413773349191
2.5842599868774414,0.524631917476654,2.4383127689361572,0.5207505822181702,2.501713991165161,0.5015876889228821,3.2016701796465816
2.346869468688965,0.5416280627250671,2.588197708129883,0.5087097883224487,2.5869274139404297,0.5195453763008118,3.0874264570362855
2.633236885070801,0.4642972946166992,2.628096580505371,0.440121591091156,2.536004066467285,0.5000741481781006,2.9938769149412114
1.9416277408599854,0.4689105451107025,1.9674745798110962,0.44027143716812134,1.9096269607543945,0.4624180197715759,2.6580113966571126
2.84425687789917,0.4563715159893036,2.7214322090148926,0.5395283102989197,2.7054061889648438,0.5122231245040894,3.12515582958053
2.441887617111206,0.4513567090034485,2.4113802909851074,0.46484827995300293,2.4495761394500732,0.428386926651001,2.9960736544852753
2.762946605682373,0.4796038568019867,2.705105781555176,0.43648359179496765,2.64694881439209,0.4414401054382324,2.9410142437055695
2.7243387699127197,0.43012192845344543,2.785273551940918,0.47532951831817627,2.6366891860961914,0.5147713422775269,2.7596678446896306
2.3661770820617676,0.46950456500053406,2.221959114074707,0.5305152535438538,2.248961925506592,0.5315998792648315,2.716003343634799
2.687969923019409,0.48605871200561523,2.7680845260620117,0.482557475566864,2.622443437576294,0.4660022556781769,2.6693168805661123
2.4287025928497314,0.42107895016670227,2.4008467197418213,0.4474433362483978,2.37302827835083,0.43395179510116577,2.606381365110605
2.1527857780456543,0.4577709436416626,2.1475603580474854,0.47098174691200256,2.139064311981201,0.45849597454071045,2.424881636631067
2.098482131958008,0.5224926471710205,2.329681396484375,0.4522501528263092,2.1605076789855957,0.5167880058288574,2.4216039268698313
1.6909126043319702,0.4624078869819641,1.684766411781311,0.5241310000419617,1.713023066520691,0.4726424217224121,2.2278867046136734
2.0172953605651855,0.5573988556861877,2.0266659259796143,0.4722062647342682,1.9570728540420532,0.49610844254493713,3.041392685158225
2.074826240539551,0.5569127202033997,2.110966682434082,0.5028424859046936,2.0215132236480713,0.4956967830657959,3.1271047983648077
2.1494150161743164,0.5565903782844543,2.082763195037842,0.5046775341033936,1.7347111701965332,0.5282971262931824,3.359835482339888
2.4253547191619873,0.526003360748291,2.2827460765838623,0.502295196056366,1.829992651939392,0.5299810767173767,3.660865478003869
1.2727093696594238,0.565924346446991,1.3592242002487183,0.7360211610794067,0.9804978370666504,0.5300816893577576,1.4708906104643977
1.0365571975708008,0.6223890781402588,0.971867024898529,0.49936845898628235,0.7996053099632263,0.5659870505332947,1.403161082042965
1.6550383567810059,1.1226301193237305,1.4898815155029297,1.0737708806991577,1.2348225116729736,0.9844541549682617,1.2427786353774164
1.0119093656539917,0.5350813269615173,0.8923367261886597,0.533063530921936,0.816551148891449,0.5131436586380005,0.8325089127062363
0.9607711434364319,0.5501973628997803,0.8359755277633667,0.7633002996444702,0.9753159880638123,0.5982223153114319,1.252853030979893
0.9983159303665161,0.5571866035461426,1.0644252300262451,0.5399186611175537,1.1694437265396118,0.5334182977676392,1.1139433523068367
1.0093331336975098,0.5212380290031433,0.8361331224441528,0.5933263301849365,0.998083770275116,0.5240351557731628,0.9731278535996987
1.1639387607574463,0.4776878356933594,1.2355537414550781,0.449424684047699,1.1760790348052979,0.5067003965377808,0.8450980400142568
0.9761024117469788,0.5205493569374084,0.8293633460998535,0.5583537817001343,1.0707569122314453,0.5206566452980042,0.7781512503836436
0.9900289177894592,0.47430387139320374,1.0079801082611084,0.4770069122314453,1.0894967317581177,0.5196690559387207,0.6434526764861874
0.9189777374267578,0.5175856947898865,0.9667263031005859,0.49929699301719666,1.1854310035705566,0.5396856069564819,1.3560258571931227
1.0792019367218018,0.5209041237831116,1.2165586948394775,0.5288312435150146,1.1854310035705566,0.5396856069564819,1.1139433523068367
1.1355587244033813,0.47607165575027466,1.0986146926879883,0.4660191237926483,1.0552674531936646,0.4719144403934479,1.0293837776852097
1.0239698886871338,0.49230292439460754,1.0677696466445923,0.4555979371070862,1.1752420663833618,0.5270106196403503,1.0
0.9515506029129028,0.5143882036209106,1.1792407035827637,0.5367113351821899,1.116858720779419,0.5489717125892639,0.9542425094393249
1.118679404258728,0.49854734539985657,0.9629685282707214,0.48153892159461975,1.0595510005950928,0.4747123420238495,0.8388490907372553
1.0684844255447388,0.4876791536808014,1.2119756937026978,0.5214163661003113,1.1752420663833618,0.5270106196403503,0.7781512503836436
1.018660545349121,0.5234414339065552,0.8618497848510742,0.44703173637390137,1.0116658210754395,0.4929075837135315,0.6812412373755872
2.0937280654907227,0.6264700889587402,2.404959201812744,0.6110669374465942,2.0056750774383545,0.4973246157169342,2.4471580313422194
1.969430923461914,1.072439193725586,1.1156044006347656,0.6565247774124146,0.9741421937942505,1.1084076166152954,0.3010299956639812
1.189467430114746,0.5027564167976379,1.1433703899383545,0.4996214509010315,0.9827589988708496,0.5277880430221558,1.0
1.8121095895767212,0.5118094682693481,1.4739563465118408,0.47671404480934143,1.264930248260498,0.8715011477470398,1.1139433523068367
1.5992188453674316,0.6442966461181641,1.8110285997390747,0.4690885543823242,1.6767760515213013,0.8640756011009216,1.0791812460476249
2.135103702545166,0.5044151544570923,1.9116746187210083,0.4683052599430084,1.8308414220809937,0.5004532933235168,1.3222192947339193
1.258512258529663,0.7169814109802246,1.574872612953186,0.47669467329978943,1.7956238985061646,0.5145491361618042,1.3010299956639813
1.776381015777588,0.6417859196662903,2.128084421157837,0.5077607035636902,1.7782726287841797,0.5171703100204468,1.6127838567197355
1.8745657205581665,0.6413555145263672,1.774444580078125,0.4833906888961792,1.8730565309524536,0.516312301158905,2.0681858617461617
2.0742812156677246,0.5146623253822327,1.4895285367965698,0.4446643590927124,1.5243593454360962,0.5291531085968018,1.5563025007672873
2.209794282913208,0.5264418125152588,1.6885725259780884,0.5232776999473572,1.801953673362732,0.5475367903709412,2.100370545117563
2.1976633071899414,0.5422388911247253,1.9812266826629639,0.5271955728530884,2.021644115447998,0.5131141543388367,1.7403626894942439
0.5808569192886353,1.1418359279632568,1.2378944158554077,0.9542248249053955,0.9898996353149414,0.9202824234962463,0.0
0.5637987852096558,0.902147114276886,0.7581775784492493,0.6232269406318665,0.9980299472808838,0.8312375545501709,0.9542425094393249
2.341423749923706,0.6358291506767273,2.2555575370788574,0.7140504717826843,2.2256674766540527,1.0170634984970093,3.0681858617461617
2.259859085083008,0.9498913288116455,2.3094444274902344,0.583115816116333,2.317108154296875,0.848639726638794,2.7126497016272113
2.127549648284912,0.7393622994422913,2.3219046592712402,0.7418180108070374,2.0295803546905518,0.7275602221488953,2.6127838567197355
2.079883337020874,0.6558957099914551,2.0735082626342773,0.6532775163650513,2.0645980834960938,0.5141624808311462,2.367355921026019
1.8641995191574097,0.5040990114212036,1.7214375734329224,0.8115461468696594,1.6660640239715576,0.8341567516326904,1.6020599913279625
1.8858997821807861,0.8025516867637634,1.7629218101501465,0.6163225173950195,1.6535991430282593,0.91370689868927,1.6020599913279625
2.0070886611938477,0.6678668260574341,2.061155319213867,0.7442402243614197,2.0610859394073486,0.5467972159385681,1.6020599913279625
1.9797940254211426,0.6659013032913208,1.7852455377578735,0.5936090350151062,1.7741203308105469,0.6266424059867859,1.413299764081252
1.1110591888427734,0.8027627468109131,1.2447974681854248,0.7002255916595459,1.3321123123168945,0.6597860455513,1.1903316981702914
1.176715612411499,0.5867611169815063,1.3199619054794312,0.5496997237205505,1.256917119026184,0.7535386085510254,1.1903316981702914
1.8689188957214355,0.770887017250061,1.8701571226119995,0.7526785731315613,1.7217259407043457,0.758063018321991,1.0530784434834197
1.9614300727844238,0.8264076709747314,1.8096225261688232,0.4964395761489868,1.8601365089416504,0.5780317187309265,0.7589118923979735
1.700169324874878,1.4815607070922852,1.523682951927185,1.4513523578643799,1.4560623168945312,1.4686810970306396,1.6989700043360187
0.8502987027168274,1.1571897268295288,0.8520925045013428,1.1911786794662476,0.7952017784118652,1.2093913555145264,1.5228787409373927
1.8438071012496948,0.9857749938964844,1.760259747505188,0.7716070413589478,2.4119513034820557,0.5698657631874084,1.9159272116971158
0.8950794339179993,0.5987225770950317,0.7675377726554871,0.5213574171066284,0.6160233020782471,0.5155075192451477,0.8860566650649422
0.5129793882369995,0.5094830393791199,0.7048317193984985,0.5263208746910095,0.5586363077163696,0.5097397565841675,0.7958800173440752
0.59079909324646,0.5910915732383728,1.1071226596832275,0.5142308473587036,0.7948808670043945,0.6626716256141663,1.1549019512998535
0.7266639471054077,0.5430622100830078,0.7318314909934998,0.5901216268539429,0.7650041580200195,0.5627411603927612,1.221848758302246
0.6258707046508789,0.5888040661811829,0.7924732565879822,0.6224089860916138,0.8372879028320312,0.6611527800559998,1.5228787409373927
1.1619417667388916,0.6357102394104004,1.3028318881988525,0.5123037099838257,1.1521713733673096,0.6364995837211609,1.6989700043360187
1.3352912664413452,0.6314154267311096,1.475361704826355,0.5866308212280273,1.3912034034729004,0.5194025039672852,2.0
2.039443016052246,0.5258957743644714,1.4779393672943115,0.6270171999931335,1.6524296998977661,0.6294503211975098,1.7781512503836436
1.608741283416748,1.0626423358917236,1.850364089012146,1.0450167655944824,1.6129961013793945,1.1017378568649292,0.8538719556358723
0.7659149169921875,0.5476706624031067,0.528255820274353,0.5685251951217651,0.7716072797775269,0.5402264595031738,0.7075701760979364
1.553466558456421,0.9931009411811829,1.4167793989181519,0.72593092918396,1.6456353664398193,1.037874460220337,3.6127838567197355
1.4870996475219727,0.5594965219497681,1.4860632419586182,0.5864501595497131,1.4289263486862183,0.553189754486084,2.103803720955957
2.6475777626037598,0.6009469628334045,2.4061551094055176,0.6252379417419434,2.814493179321289,0.5327704548835754,2.5440680443502757
1.0503745079040527,1.2346018552780151,0.8117159008979797,1.076712965965271,0.7914011478424072,0.9857200980186462,1.2405492482825997
0.821901798248291,0.9223063588142395,0.8117159008979797,1.076712965965271,1.0398494005203247,1.1622376441955566,1.1549019512998535
0.5743845701217651,0.8310583233833313,0.7583804130554199,0.789962887763977,1.0867955684661865,0.9111366271972656,1.625312461253012
1.0240247249603271,0.6942199468612671,1.3996344804763794,0.6422111392021179,1.3862171173095703,0.9228349924087524,0.9586073104988301
0.28099894523620605,0.7248164415359497,0.5475836992263794,0.8857505917549133,0.5871032476425171,0.914413332939148,0.8450980400142568
1.1818842887878418,1.2327085733413696,0.8110636472702026,1.0028069019317627,0.9405190348625183,1.177242398262024,1.6954816764901974
1.6499040126800537,1.025063157081604,1.5910382270812988,0.7729156613349915,1.507755994796753,1.170794129371643,0.7958800173440752
0.8741676211357117,1.0340439081192017,0.6364710330963135,1.1829594373703003,0.6900731325149536,1.2340532541275024,0.7075701760979364
0.9887856245040894,1.5771828889846802,2.449228286743164,1.5844676494598389,0.8420057892799377,1.5006989240646362,0.7695510829646709
0.9816547632217407,1.5730104446411133,2.413175106048584,1.584059238433838,1.5687144994735718,1.2143971920013428,0.7160033436347992
0.12942147254943848,1.029106616973877,1.038940668106079,1.0414011478424072,0.713516116142273,1.0739399194717407,1.6020599913279625
2.119946241378784,0.59001624584198,1.9095040559768677,0.6487086415290833,1.9610531330108643,0.7186310887336731,1.0759117614827776
1.7638026475906372,0.6280653476715088,1.864317536354065,0.6673717498779297,1.7624189853668213,0.697368323802948,2.6541187604979295
2.084202289581299,0.5667467713356018,2.1653659343719482,0.47365692257881165,1.9822311401367188,0.6308078765869141,1.1532049000842843
1.935478687286377,0.6701527833938599,1.920255422592163,0.5783669352531433,1.9525165557861328,0.6464308500289917,1.0982975364946976
2.0910696983337402,0.6701678037643433,2.0835745334625244,0.5788416266441345,2.0667548179626465,0.5603833794593811,1.5273720828276118
2.3614425659179688,0.5681628584861755,2.162060260772705,0.6317204833030701,2.2069883346557617,0.5718343257904053,1.5843312243675307
2.1062545776367188,0.6199489235877991,2.106912851333618,0.5939063429832458,1.9218850135803223,0.6458265781402588,1.5443161417474274
2.0887134075164795,0.5978319048881531,1.8878601789474487,0.6374958157539368,1.8916230201721191,0.6975885033607483,3.070942474030112
2.116419553756714,0.5817129611968994,2.1502132415771484,0.6179357767105103,2.20622181892395,0.7178330421447754,2.1219863790508384
2.0740883350372314,0.653211236000061,2.1071066856384277,0.6828900575637817,2.1402838230133057,0.6871516704559326,2.43539838026736
2.1913537979125977,0.6480403542518616,2.4056921005249023,0.47414645552635193,2.26027250289917,0.633797824382782,2.608675764480902
2.097900390625,0.5825263857841492,2.136613368988037,0.675794780254364,2.078953504562378,0.6478375196456909,3.2004565007517085
2.2983486652374268,0.6507927775382996,2.45084547996521,0.5750604271888733,2.421271800994873,0.6959346532821655,2.8519428931916573
2.592207431793213,0.6924290060997009,2.5463123321533203,0.598868727684021,2.369133472442627,0.666650652885437,3.2917661058877763
1.5882850885391235,0.4903103709220886,1.6206402778625488,0.4544699788093567,1.775978684425354,0.49153223633766174,1.7481880270062005
1.6196650266647339,0.4955637454986572,1.6265063285827637,0.4542522728443146,2.077751636505127,0.5181868076324463,1.6901960800285136
1.8879680633544922,0.5462556481361389,1.8810808658599854,0.5090148448944092,1.753690242767334,0.5406292080879211,1.5797835966168101
2.313730478286743,0.511562168598175,2.0993990898132324,0.49579423666000366,2.3358538150787354,0.5139245986938477,2.6627578316815743
2.5240111351013184,0.5568872690200806,2.7348575592041016,0.5599485039710999,2.7976889610290527,0.5513525605201721,1.9030899869919435
2.4366092681884766,0.5161377191543579,2.1773829460144043,0.4560493528842926,2.5395686626434326,0.5046887993812561,2.6434526764861874
2.3840396404266357,0.5611302852630615,2.5575497150421143,0.5284355878829956,2.8705644607543945,0.5449724197387695,1.845098040014257
2.4904611110687256,0.5494941473007202,2.9122366905212402,0.554813027381897,2.91725754737854,0.5371972918510437,2.6020599913279625
2.663912057876587,0.5201218724250793,2.667160987854004,0.5195617079734802,2.3648102283477783,0.5056741833686829,2.6020599913279625
2.927424907684326,0.5442494750022888,2.9052586555480957,0.558238685131073,2.5268337726593018,0.546597421169281,1.7160033436347992
2.596562385559082,0.5650109648704529,2.6507904529571533,0.5375910997390747,2.55053448677063,0.5612722635269165,2.6434526764861874
2.769021511077881,0.5572400689125061,2.539480686187744,0.5706775188446045,2.4269795417785645,0.5997273325920105,1.6812412373755872
2.6234726905822754,0.6491650938987732,2.876530408859253,0.876118004322052,2.725278377532959,0.7928641438484192,2.681241237375587
2.8308229446411133,0.9375177621841431,2.854677200317383,0.7244852185249329,2.6598472595214844,0.9287514090538025,1.5563025007672873
2.168022632598877,0.6836444139480591,2.2356157302856445,0.4736921191215515,2.1978797912597656,0.949165403842926,0.7611758131557314
2.209613084793091,0.6011778116226196,2.281939744949341,0.5561209917068481,2.2985243797302246,0.5852454900741577,1.6645479622465467
2.3431527614593506,0.6430993676185608,2.420713186264038,0.4721027910709381,2.3866493701934814,0.5841872096061707,2.1038721084030554
2.326632499694824,0.689889132976532,2.2967708110809326,0.9473570585250854,2.4916422367095947,0.540060818195343,2.861821058126627
2.5788519382476807,0.6590442061424255,2.5693538188934326,0.9377812743186951,2.806530237197876,0.9135158658027649,3.33894430279097
2.86063814163208,0.9217538833618164,2.442378520965576,0.5879567265510559,2.450850486755371,0.5849435329437256,3.4985283357730985
2.788655996322632,1.0793664455413818,2.8211774826049805,1.1842621564865112,2.6090495586395264,0.5374740958213806,3.3674155625246405
2.546473503112793,0.5275461077690125,2.570342540740967,0.9376705884933472,2.8032140731811523,0.9083405137062073,3.333674942312747
2.652604103088379,0.5367275476455688,2.6766276359558105,0.5182410478591919,2.757782459259033,0.5682488679885864,3.146128035678238
2.8188071250915527,0.6671311259269714,2.4908814430236816,0.9320112466812134,2.7747116088867188,0.8993721008300781,3.0
2.6296660900115967,0.6582646369934082,2.474591016769409,0.9316906929016113,2.5751841068267822,0.5457600355148315,2.8808135922807914
2.655445098876953,0.7180415987968445,2.4073777198791504,0.538364589214325,2.5200326442718506,0.5357787609100342,2.8258413877277757
2.7060699462890625,0.5569522976875305,2.8016433715820312,0.5272186994552612,2.5817008018493652,0.547355592250824,2.6989700043360187
2.46822452545166,0.5340374112129211,2.9028921127319336,0.7514613270759583,2.520981788635254,0.537309467792511,2.6700787846043186
2.4690663814544678,0.5169759392738342,2.6848015785217285,0.4735109508037567,2.0012338161468506,0.5118997097015381,2.012837224705172
2.585092544555664,0.5315016508102417,2.7779717445373535,0.473910927772522,2.5784735679626465,0.5496090054512024,2.4471580313422194
2.731494903564453,0.5176060795783997,2.736328125,0.548316240310669,2.7437872886657715,0.5552123785018921,2.791690649020118
1.6161781549453735,0.9667172431945801,1.6687710285186768,0.8867018222808838,1.8262577056884766,0.9507690072059631,1.4771212547196624
1.5514216423034668,0.956973135471344,1.5168174505233765,1.1007565259933472,1.8263511657714844,0.9509277939796448,1.1760912590556813
2.1603407859802246,0.7190554141998291,2.2872865200042725,0.6872202754020691,2.0735793113708496,0.7451906800270081,3.1245042248342823
2.1587491035461426,0.4578152298927307,2.133789300918579,0.457844614982605,2.0856971740722656,0.44148579239845276,2.902546779313991
2.0162031650543213,0.43037980794906616,1.719961166381836,0.5100144743919373,2.0086355209350586,0.46985840797424316,2.6020599913279625
2.1379077434539795,0.5417035222053528,2.2304129600524902,0.5696266889572144,2.2262721061706543,0.5883259177207947,2.5550944485783194
2.511457681655884,0.5863744020462036,2.527994394302368,0.6606512665748596,2.201667070388794,0.7462949752807617,2.9684829485539352
2.2633237838745117,0.4519023001194,2.1499252319335938,0.5062795877456665,2.1358089447021484,0.44809797406196594,2.851869600729766
2.0433497428894043,0.47983628511428833,2.0226902961730957,0.5108733773231506,1.8367536067962646,0.4609997868537903,2.550228353055094
2.292952060699463,0.5191248059272766,2.360628604888916,0.46602460741996765,2.3739943504333496,0.5451664328575134,2.507855871695831
2.461902618408203,0.5862250328063965,2.3351497650146484,0.5936101078987122,2.118351697921753,0.7382065057754517,2.870403905279027
2.258481979370117,0.45238426327705383,2.1938931941986084,0.4319816827774048,2.0999841690063477,0.4711954593658447,2.814913181275074
1.664130449295044,0.5010511875152588,1.9110279083251953,0.48780983686447144,1.8372533321380615,0.4658433496952057,2.5327543789924976
2.258073568344116,0.5131248831748962,2.4951729774475098,0.4989570379257202,2.228837251663208,0.5909882187843323,2.45484486000851
2.4207348823547363,0.6505796313285828,2.4233288764953613,0.493184894323349,2.353890895843506,0.6369553208351135,2.862131379313037
2.0129406452178955,0.4973399043083191,2.199629783630371,0.4334377348423004,2.1953208446502686,0.46013766527175903,2.795184589682424
1.6778615713119507,0.5034145712852478,1.8150010108947754,0.5134947896003723,1.8232932090759277,0.5170536637306213,2.506505032404872
2.496126890182495,0.5018160939216614,2.485279083251953,0.524000346660614,2.2526309490203857,0.6009484529495239,2.450249108319361
2.0425376892089844,0.4757830798625946,1.8605659008026123,0.5162612795829773,1.841223955154419,0.5032915472984314,1.1583624920952498
1.8021732568740845,0.5056836009025574,2.1292364597320557,0.4909326434135437,1.9617863893508911,0.5273562669754028,1.4548448600085102
2.139158248901367,0.47244957089424133,2.186640501022339,0.4882502257823944,2.026672840118408,0.5259483456611633,1.6946051989335686
2.0760931968688965,0.525754988193512,1.9421546459197998,0.5534355044364929,2.233750581741333,0.514237642288208,1.9822712330395684
2.252023935317993,0.5031202435493469,2.3783106803894043,0.4521336555480957,2.4949941635131836,0.5121679902076721,3.555215405126073
1.8403186798095703,0.8779845237731934,0.8521807789802551,1.1132968664169312,0.8774431347846985,1.1180132627487183,0.9208187365805955
2.2656137943267822,0.4188724756240845,2.256314277648926,0.45210930705070496,2.2446060180664062,0.4491957426071167,2.2329961103921536
2.1151697635650635,0.4972837269306183,2.308063268661499,0.4644952416419983,2.2613461017608643,0.47243088483810425,2.0203612826477078
2.3320419788360596,0.46568426489830017,2.268921375274658,0.4314415454864502,2.178365707397461,0.47072213888168335,1.8627275283179747
2.0888047218322754,0.5011642575263977,2.528384208679199,0.47102224826812744,2.384547472000122,0.4508557915687561,2.625312450961674
1.7563011646270752,0.5062891244888306,1.7535054683685303,0.5131194591522217,1.7827527523040771,0.5066168308258057,2.3242824552976926
1.8013263940811157,0.5031643509864807,1.8174067735671997,0.5114649534225464,1.9215911626815796,0.517795741558075,2.6138418218760693
1.6261825561523438,0.9479342699050903,1.5253334045410156,0.6391891241073608,2.1083970069885254,0.9639915823936462,2.8915374576725643
1.4808320999145508,0.43145641684532166,1.5588730573654175,0.45646774768829346,1.6427751779556274,0.5105064511299133,1.0
1.2853106260299683,0.44151055812835693,1.2593283653259277,0.460305780172348,1.380561113357544,0.47225677967071533,0.6020599913279624
1.5342419147491455,0.43024855852127075,1.6113168001174927,0.431570440530777,1.7075682878494263,0.5096237063407898,1.3010299956639813
1.301667332649231,0.45906752347946167,1.3883368968963623,0.45847707986831665,1.4349339008331299,0.47057998180389404,0.9030899869919435
1.6248961687088013,0.4557737112045288,1.6605737209320068,0.46719059348106384,1.593713402748108,0.43924573063850403,1.4771212547196624
1.4656699895858765,0.41905543208122253,1.4977394342422485,0.45658135414123535,1.5381274223327637,0.46843013167381287,1.041392685158225
1.7272887229919434,0.4565402567386627,1.8544623851776123,0.4607888162136078,1.688529372215271,0.4403538703918457,1.6989700043360187
1.5610010623931885,0.4196547865867615,1.5292824506759644,0.4567619562149048,1.6242400407791138,0.5067815780639648,1.4913616938342726
2.552854537963867,0.4806649088859558,2.626173496246338,0.43750080466270447,2.7610387802124023,0.4761312007904053,3.118595365223762
2.5337636470794678,0.5064433813095093,2.6360881328582764,0.47152188420295715,2.600675582885742,0.5075098872184753,2.786041210242554
2.0483429431915283,0.49413904547691345,1.9656682014465332,0.433428555727005,2.050769805908203,0.4992378056049347,1.8808135922807914
1.6687102317810059,0.4606914222240448,1.770218849182129,0.4580945372581482,1.801730751991272,0.49230900406837463,1.7075701760979363
2.6458466053009033,0.46041154861450195,2.813056468963623,0.47337138652801514,2.863107442855835,0.525478720664978,2.7745169657285498
2.533935785293579,0.45841819047927856,2.5785393714904785,0.4650663435459137,2.7071938514709473,0.498470664024353,2.5415792439465807
2.4826388359069824,0.46798792481422424,2.445180892944336,0.38654887676239014,2.3939731121063232,0.4439597725868225,2.285557309007774
2.443929672241211,0.48717597126960754,2.3878085613250732,0.4898975193500519,2.54630184173584,0.503225564956665,2.143014800254095
2.0411009788513184,0.45504337549209595,2.0230915546417236,0.48133012652397156,2.079493999481201,0.45451539754867554,1.7403626894942439
1.813757300376892,0.466897189617157,1.905728816986084,0.4628780782222748,1.7803362607955933,0.4467453956604004,1.5563025007672873
2.727806329727173,0.47078046202659607,2.6350674629211426,0.5005614161491394,2.762580633163452,0.5020951628684998,2.3364597338485296
2.6450202465057373,0.4722749888896942,2.7606253623962402,0.47209206223487854,2.6878108978271484,0.5223304629325867,2.1583624920952498
2.5058846473693848,0.4730909466743469,2.494008779525757,0.5165462493896484,2.512454032897949,0.45465099811553955,2.0453229787866576
2.3952527046203613,0.4688018560409546,2.2762680053710938,0.4726267457008362,2.2449326515197754,0.45448818802833557,1.9030899869919435
2.0241949558258057,0.464922696352005,1.911740779876709,0.4813464283943176,2.079955577850342,0.4498070478439331,1.5563025007672873
1.8386422395706177,0.493160218000412,1.6784260272979736,0.4617163836956024,1.7806181907653809,0.44545605778694153,1.3010299956639813
2.4812228679656982,0.46555307507514954,2.4886555671691895,0.5193952322006226,2.5276575088500977,0.5219331979751587,1.7403626894942439
2.3371996879577637,0.5083471536636353,2.520901918411255,0.47959771752357483,2.540205717086792,0.49479222297668457,1.6020599913279625
2.0308125019073486,0.4677422344684601,2.1733860969543457,0.4707663655281067,2.131732702255249,0.48602938652038574,1.3617278360175928
1.7827268838882446,0.4515617787837982,1.8830267190933228,0.46085217595100403,1.9462134838104248,0.47937294840812683,1.146128035678238
0.7831661105155945,1.1348121166229248,0.9742627143859863,0.7209091782569885,0.5687280893325806,1.122315526008606,3.9537596917332287
2.5721564292907715,0.790163516998291,2.419174909591675,0.5238876342773438,2.014869451522827,0.5548131465911865,3.173186268412274
2.5721564292907715,0.790163516998291,2.3560738563537598,0.5742867588996887,2.0282888412475586,0.5417264699935913,2.8692317197309762
2.158709764480591,0.7614226341247559,2.0822107791900635,0.5162337422370911,1.8229767084121704,0.5530492663383484,1.9084850188786497
1.4965951442718506,0.5618500709533691,1.4537850618362427,0.5664241313934326,1.2418667078018188,0.5556646585464478,1.146128035678238
2.1804616451263428,0.4699036180973053,2.372959613800049,0.5116025805473328,2.20418381690979,0.45166826248168945,3.2801228963023075
2.5465915203094482,0.4445057213306427,2.4854016304016113,0.4347500205039978,2.438093900680542,0.4599384665489197,2.0086001717619175
2.4794063568115234,0.4614926874637604,2.4233241081237793,0.46984297037124634,2.438093900680542,0.4599384665489197,1.9822712330395684
2.7587547302246094,0.4767703115940094,2.6869335174560547,0.4835801124572754,2.7807674407958984,0.5163727402687073,1.9542425094393248
2.7173776626586914,0.4492165446281433,2.6935198307037354,0.5158315300941467,2.7565059661865234,0.4910542070865631,1.8976270912904414
2.4515445232391357,0.49983981251716614,2.2601206302642822,0.4742816686630249,2.20418381690979,0.45166826248168945,1.8260748027008264
1.7879008054733276,0.4522618353366852,1.8142824172973633,0.5093517899513245,1.835779070854187,0.5140643119812012,1.4913616938342726
2.0910298824310303,0.49564695358276367,2.0798864364624023,0.4604898691177368,1.93231999874115,0.4410126805305481,1.3979400086720377
1.8709508180618286,0.5089486241340637,1.6327954530715942,0.4781285226345062,1.7740628719329834,0.5074646472930908,1.2787536009528289
2.248764753341675,0.4584479331970215,2.295280694961548,0.472599595785141,2.2469515800476074,0.4498577415943146,2.82865989653532
2.4803528785705566,0.46589556336402893,2.5667927265167236,0.46562978625297546,2.6038217544555664,0.4899415075778961,2.5514499979728753
2.5787253379821777,0.44315409660339355,2.4889473915100098,0.47859787940979004,2.6038217544555664,0.4899415075778961,2.3541084391474008
2.6491613388061523,0.46762847900390625,2.733323574066162,0.5149320363998413,2.8211092948913574,0.5156933069229126,2.285557309007774
2.7924466133117676,0.47603839635849,2.755000591278076,0.4702259600162506,2.7827515602111816,0.4993477463722229,2.1583624920952498
2.342332363128662,0.4687630832195282,2.295280694961548,0.472599595785141,2.30867862701416,0.4850938022136688,2.0681858617461617
1.8274755477905273,0.4553353488445282,1.824867606163025,0.46303465962409973,1.9045891761779785,0.48241403698921204,1.8512583487190752
2.0744545459747314,0.44415774941444397,2.115345001220703,0.45920097827911377,2.0901010036468506,0.480235755443573,1.5797835966168101
1.5960854291915894,0.4884955585002899,1.664708137512207,0.49836835265159607,1.9035900831222534,0.5223421454429626,1.462397997898956
2.5872178077697754,0.46916764974594116,2.525054454803467,0.5142740607261658,2.4882287979125977,0.4404561221599579,2.9689496809813427
2.5872178077697754,0.46916764974594116,2.624629020690918,0.4642893373966217,2.6582911014556885,0.48840880393981934,2.797959643737196
2.708151340484619,0.4657488465309143,2.779977321624756,0.4802390933036804,2.8492918014526367,0.46329057216644287,2.6414741105040993
2.802999496459961,0.44585055112838745,2.816941022872925,0.4677390456199646,2.8859825134277344,0.5148991942405701,2.5390760987927767
2.30772066116333,0.4569031298160553,2.352992296218872,0.4701669216156006,2.4946720600128174,0.49653729796409607,2.513217600067939
2.3971474170684814,0.46760091185569763,2.352992296218872,0.4701669216156006,2.3628876209259033,0.48330560326576233,2.4149733479708178
1.845428705215454,0.4636722207069397,1.9107307195663452,0.4309864640235901,1.9407672882080078,0.5113392472267151,2.1492191126553797
2.0552797317504883,0.45201539993286133,2.1789755821228027,0.42923346161842346,2.117225170135498,0.4489626884460449,1.9294189257142929
1.6454530954360962,0.47435760498046875,1.7332295179367065,0.4760042130947113,1.6633872985839844,0.5171180963516235,1.7323937598229686
2.567138910293579,0.49621814489364624,2.6451971530914307,0.5126982927322388,2.67903995513916,0.45444318652153015,3.425371166438941
2.567138910293579,0.49621814489364624,2.6566808223724365,0.4754176735877991,2.5914039611816406,0.4372519254684448,3.370883016777606
2.9520065784454346,0.4743191599845886,2.932584285736084,0.46463096141815186,3.0063281059265137,0.5143570303916931,3.278982116865443
2.8199100494384766,0.4634222388267517,2.932584285736084,0.46463096141815186,2.751742362976074,0.44356557726860046,3.0565237240791006
2.474656581878662,0.4280497431755066,2.463057279586792,0.4666004776954651,2.445258378982544,0.4681410789489746,2.6693168805661123
1.9863624572753906,0.4926183223724365,2.038398027420044,0.505440890789032,1.947332501411438,0.4501006007194519,2.416640507338281
2.3218836784362793,0.49123215675354004,2.282367706298828,0.4551258683204651,2.2466440200805664,0.44660380482673645,2.2764618041732443
2.474656581878662,0.4280497431755066,2.5969133377075195,0.510107696056366,2.4451427459716797,0.4438267648220062,2.143014800254095
1.7605156898498535,0.47895756363868713,1.9899654388427734,0.5195064544677734,1.766766905784607,0.5141404271125793,1.9731278535996986
2.6846346855163574,0.46072861552238464,2.680553913116455,0.5124479532241821,2.7312912940979004,0.5126523971557617,3.6137361412618714
2.9622700214385986,0.5332549810409546,2.8451826572418213,0.4987424612045288,2.746007204055786,0.5168459415435791,2.840106094456758
2.626025676727295,0.5080437660217285,2.7192506790161133,0.5222490429878235,2.779017448425293,0.5034591555595398,2.629409599102719
2.0318875312805176,0.4508441388607025,2.0360026359558105,0.45681124925613403,1.9853968620300293,0.44997963309288025,2.5428254269591797
2.192756175994873,0.49961715936660767,2.2311315536499023,0.5097564458847046,2.0687031745910645,0.4544280469417572,2.399673721481038
2.0338218212127686,0.4623769223690033,1.9383506774902344,0.4720986485481262,2.195613145828247,0.5111315250396729,2.330413773349191
2.0830271244049072,0.46196407079696655,2.192155122756958,0.4836540222167969,2.239689350128174,0.48841872811317444,2.2174839442139063
2.072948455810547,0.4714767336845398,2.2116594314575195,0.4701792597770691,2.0615057945251465,0.4547659456729889,2.1172712956557644
3.074885845184326,0.4953480362892151,3.0981993675231934,0.5126335024833679,3.11044979095459,0.4842588007450104,3.5851221863068155
3.3811416625976562,0.4991338551044464,3.1849870681762695,0.5334091186523438,3.1975691318511963,0.5182362198829651,2.7315887651867388
2.3408524990081787,0.44986218214035034,2.4669220447540283,0.4544854462146759,2.284217357635498,0.4384412169456482,2.531478917042255
3.457073926925659,0.48224395513534546,3.356501817703247,0.4936387836933136,3.240408420562744,0.5219759941101074,2.509202522331103
2.519923448562622,0.4669501781463623,2.6487185955047607,0.50429368019104,2.5387320518493652,0.4808799624443054,2.385606273598312
2.327155113220215,0.44350898265838623,2.5024003982543945,0.46079835295677185,2.455721855163574,0.47622615098953247,2.2405492482825995
2.5116891860961914,0.45227882266044617,2.3542065620422363,0.47259438037872314,2.6870455741882324,0.5003648400306702,2.146128035678238
2.3820040225982666,0.4720379114151001,2.396390914916992,0.48066446185112,2.5252318382263184,0.48420053720474243,2.037426497940624
2.829097270965576,0.49678871035575867,2.926283597946167,0.5127813816070557,2.8479249477386475,0.4379153847694397,3.953807997665307
2.829097270965576,0.49678871035575867,2.9357545375823975,0.4788070023059845,2.9694442749023438,0.5140928030014038,3.839729375206388
3.2209177017211914,0.4573609530925751,3.193650960922241,0.43219223618507385,3.2794418334960938,0.5165089964866638,3.777499319590365
3.214517831802368,0.47746458649635315,3.1689939498901367,0.47885626554489136,3.238309383392334,0.49564293026924133,3.5216610151120733
2.672171115875244,0.4667300581932068,2.8779029846191406,0.5126263499259949,2.701791763305664,0.4746902585029602,3.0644579892269186
2.2737860679626465,0.4520493745803833,2.212123155593872,0.4694792330265045,2.3228559494018555,0.4767988324165344,2.851869600729766
2.5292880535125732,0.4455891251564026,2.561178207397461,0.4543396234512329,2.5087995529174805,0.4721056818962097,2.814913181275074
2.0094830989837646,0.4687986969947815,2.271148920059204,0.5214540958404541,2.3620026111602783,0.5175529718399048,2.3283796034387376
2.672171115875244,0.4667300581932068,2.75105881690979,0.46187636256217957,2.9972739219665527,0.5136646032333374,1.9395192526186185
2.8626790046691895,0.4629352390766144,2.873188018798828,0.4367847144603729,2.8639564514160156,0.48770880699157715,3.4886916983169405
3.0310747623443604,0.48332294821739197,3.1440680027008057,0.45324984192848206,3.1172072887420654,0.5052775740623474,2.6857417386022635
2.155928373336792,0.4855538010597229,2.27793550491333,0.49318727850914,2.200409412384033,0.5141239762306213,2.5211380837040362
3.2166755199432373,0.4971911907196045,3.1523232460021973,0.45739054679870605,3.189730167388916,0.5204824209213257,2.444044795918076
2.6525278091430664,0.5100019574165344,2.413283109664917,0.511350154876709,2.3281846046447754,0.531432032585144,2.3560258571931225
2.2874414920806885,0.4831371605396271,2.402364492416382,0.5022735595703125,2.2453901767730713,0.5226279497146606,2.220108088040055
2.242485761642456,0.49387428164482117,2.410203456878662,0.5052269101142883,2.5852856636047363,0.5122079253196716,2.113943352306837
2.3941750526428223,0.500265896320343,2.5010106563568115,0.5013977885246277,2.7506422996520996,0.5127931237220764,2.0043213737826426
3.154722213745117,0.9356812238693237,3.3564138412475586,0.9638583660125732,3.2795567512512207,0.99824059009552,3.473194909204938
3.4041824340820312,0.876900851726532,3.259239673614502,0.9399634003639221,3.280263900756836,1.0219522714614868,3.2607866686549762
3.3640360832214355,1.215665340423584,3.7269906997680664,1.1993961334228516,3.6980087757110596,1.1870769262313843,2.8129133566428557
2.5306363105773926,1.0029609203338623,2.688485622406006,0.8030838966369629,2.533090114593506,0.9669309258460999,2.3443922736851106
2.6344733238220215,0.99469393491745,2.4557390213012695,0.907772958278656,2.4999616146087646,0.9737496972084045,2.5575072019056577
2.4412269592285156,1.2756224870681763,2.3623104095458984,1.3141871690750122,2.2259957790374756,1.2816956043243408,2.7671558660821804
0.8882418274879456,1.0057101249694824,0.4585306644439697,0.8396673798561096,0.9230802655220032,1.0326639413833618,1.1613680022349748
1.6581792831420898,0.8425321578979492,1.5974067449569702,1.1115080118179321,1.4392485618591309,0.7642314434051514,1.6989700043360187
1.3812549114227295,0.6008661389350891,2.0369293689727783,0.7071796655654907,1.405623435974121,0.7320849299430847,1.5228787409373927
1.9427540302276611,0.42647668719291687,1.8884449005126953,0.43010440468788147,1.71742582321167,0.49264922738075256,1.6903698339638435
1.9728636741638184,0.4597831964492798,1.942217230796814,0.45895129442214966,1.8716424703598022,0.47042664885520935,1.8664610930195247
2.0786948204040527,0.4426361918449402,2.0786325931549072,0.4610726535320282,1.9676692485809326,0.46843618154525757,2.0883098426358813
1.93058443069458,0.49563711881637573,2.201106071472168,0.4290677607059479,2.1066761016845703,0.5099923014640808,2.423245873936808
2.3805971145629883,0.4700189232826233,2.3388867378234863,0.4782918095588684,2.3191323280334473,0.4505043923854828,1.8920946026904804
2.340432643890381,0.45247453451156616,2.2681446075439453,0.4314267933368683,2.2057886123657227,0.5107845067977905,1.505149978319906
2.0753328800201416,0.5006407499313354,2.3933029174804688,0.466544508934021,2.384932041168213,0.4507173001766205,2.782915040137594
0.7752035856246948,0.5515522360801697,0.874993085861206,0.5176560878753662,0.8992971777915955,0.519420862197876,0.8325089127062363
0.701285719871521,0.5169140696525574,0.6466350555419922,0.528946578502655,1.0273343324661255,0.5159945487976074,0.9822712330395684
1.1388198137283325,0.509337842464447,1.0325706005096436,0.517198920249939,1.119030475616455,0.5016257762908936,0.9822712330395684
0.9384379386901855,0.5508627891540527,0.965203583240509,0.49918848276138306,1.0993688106536865,0.49884626269340515,0.9800033715837464
0.814306914806366,0.5669479370117188,1.03071928024292,0.5157092213630676,0.8420727849006653,0.501788854598999,0.9777236052888477
1.1540297269821167,0.5052791237831116,1.032169222831726,0.5180217623710632,1.1769453287124634,0.5016993880271912,0.8920946026904804
1.1851916313171387,0.5138755440711975,1.2563403844833374,0.5035600662231445,1.0712156295776367,0.514895498752594,0.7481880270062005
0.8392046093940735,0.4857516586780548,0.8216550946235657,0.4508058726787567,0.9986101388931274,0.5207386612892151,0.9294189257142927
1.1351642608642578,0.5167022347450256,0.8274174928665161,0.45333224534988403,1.001133918762207,0.5180431008338928,0.8808135922807914
0.7008402943611145,0.6256908178329468,0.42891550064086914,0.5037886500358582,0.6497857570648193,0.5297037363052368,0.38021124171160603
2.527576208114624,0.8082910180091858,2.2876203060150146,1.0090827941894531,2.762779712677002,0.8318660855293274,3.538070787043172
2.0138866901397705,0.9680312275886536,2.1748318672180176,0.8236987590789795,2.20101261138916,0.9027512073516846,3.4212747912103465
1.9848995208740234,0.5809163451194763,1.9348626136779785,0.571209192276001,2.003920316696167,0.5575792193412781,3.2990712600274095
2.940352439880371,0.6094351410865784,2.6191177368164062,0.6408093571662903,2.7345142364501953,0.7823715806007385,3.1734776434529945
0.20143938064575195,0.686173677444458,0.32234275341033936,0.495116651058197,0.11819171905517578,0.6029149293899536,-0.6777807052660807
0.037212371826171875,0.5973531007766724,0.33868861198425293,0.5898927450180054,0.23784446716308594,0.5775197744369507,-0.6575773191777937
0.04256927967071533,0.5971390008926392,0.34301280975341797,0.589733898639679,0.1107630729675293,0.562122106552124,-0.431798275933005
0.34127724170684814,0.5699012875556946,0.2269829511642456,0.578661322593689,0.25532591342926025,0.5770004391670227,-0.09151498112135022
0.5425058603286743,0.9964079260826111,0.6080951690673828,0.667481541633606,0.6229419708251953,0.8385928869247437,0.4548448600085102
0.3927321434020996,0.5683047771453857,0.4067949056625366,0.5875211954116821,-0.22287487983703613,0.586605966091156,0.3159703454569177
0.7730547785758972,0.9932276606559753,0.7949795126914978,0.6647734642028809,0.7377684712409973,0.7014733552932739,0.8000293592441343
0.48884308338165283,0.557258129119873,0.24856412410736084,0.6088398098945618,0.37496280670166016,0.6024755239486694,0.6464037262230695
1.035452127456665,0.9212774634361267,0.9928877949714661,0.8735445737838745,1.0107429027557373,1.0322905778884888,1.1139433523068367
1.0113818645477295,0.9910223484039307,0.9711778163909912,1.0194998979568481,1.0194331407546997,0.8273493647575378,1.0969100130080565
0.8408793807029724,1.0068626403808594,0.9228582382202148,1.0137925148010254,0.8764185905456543,1.073978304862976,1.0791812460476249
0.969728946685791,1.0198957920074463,1.0953772068023682,0.9046471118927002,1.0544064044952393,1.0561764240264893,1.0
0.5470138788223267,0.5621188879013062,0.7673972249031067,0.5810747146606445,0.574803352355957,0.5866298079490662,0.9956351945975499
0.5470138788223267,0.5621188879013062,0.5276949405670166,0.619776725769043,0.2713698148727417,0.5871741771697998,0.964259630196849
1.8278752565383911,0.6627746224403381,1.4081279039382935,0.644481897354126,1.4487614631652832,0.6324065923690796,2.7403626894942437
2.0011887550354004,0.5900997519493103,2.116696357727051,0.5891779065132141,2.3278472423553467,0.7721269726753235,2.296665190261531
0.7789221405982971,0.5635502338409424,1.142598271369934,0.5685554146766663,1.5204253196716309,0.7325480580329895,2.361727836017593
1.4918577671051025,0.5859531760215759,1.7303493022918701,0.6574802398681641,0.8063808083534241,0.5403468608856201,2.342422680822206
1.106886863708496,0.7215821743011475,1.141930341720581,0.5316480398178101,0.5125725269317627,0.5446324944496155,2.3010299956639813
0.49623703956604004,0.749974250793457,0.8855392336845398,0.48899170756340027,1.1363599300384521,0.5179810523986816,0.8860566650649422
2.845883846282959,0.9027001261711121,2.9728360176086426,0.8285918235778809,2.9232935905456543,0.8313857913017273,3.4490153163477864
2.866541624069214,0.899368405342102,3.0211079120635986,0.6093034148216248,3.089470386505127,0.918513298034668,3.374381698050882
3.0575175285339355,0.8263194561004639,3.155167818069458,0.991807222366333,3.0034022331237793,0.8846383690834045,2.9965116721541785
3.2375059127807617,0.9138774871826172,3.137287139892578,0.991325318813324,3.047332525253296,0.915056049823761,2.8937617620579434
3.2315845489501953,0.9166391491889954,3.0348846912384033,0.8598250150680542,3.050292491912842,0.8272048234939575,2.7307822756663893
2.744518280029297,0.9466909766197205,2.5932884216308594,1.0140398740768433,2.4731364250183105,0.9378613233566284,2.1702617153949575
1.7721658945083618,0.5845942497253418,1.227827548980713,0.5514877438545227,1.2243045568466187,0.6090102791786194,1.3979400086720377
1.8298107385635376,0.5673919320106506,1.5248154401779175,0.48642656207084656,1.338207483291626,0.5790734887123108,1.3424226808222062
1.6319432258605957,0.560903012752533,1.5635756254196167,0.5070122480392456,1.7691030502319336,0.5499666333198547,1.2787536009528289
1.5510658025741577,0.5334945321083069,1.17362380027771,0.46345171332359314,1.3405572175979614,0.515529990196228,1.255272505103306
1.4242234230041504,0.551027238368988,1.3815042972564697,0.5521918535232544,1.3172837495803833,0.6279070973396301,1.2174839442139063
0.9700886607170105,0.6345421075820923,1.1819270849227905,0.6048092246055603,1.0538418292999268,0.6084226965904236,0.5850266694009609
1.1445225477218628,0.5682625770568848,1.198287844657898,0.5751006007194519,1.2038384675979614,0.5899427533149719,0.8750612633917001
0.9599946737289429,1.0902721881866455,0.8041825294494629,1.1198515892028809,0.7519187331199646,0.9997787475585938,1.1549019512998535
1.6529947519302368,0.949871301651001,1.6675728559494019,0.9040534496307373,1.5049830675125122,0.5879847407341003,1.1549019512998535
1.4614378213882446,0.7168477177619934,1.0526076555252075,0.5909058451652527,0.9159772396087646,0.546508252620697,0.9586073104988301
2.830967903137207,0.5041832327842712,2.785813808441162,0.5020557641983032,2.6631863117218018,0.5224122405052185,2.806179973983887
3.1588621139526367,0.6258508563041687,3.178471565246582,0.668826162815094,2.8750782012939453,0.5208525657653809,2.792391689498254
2.721421241760254,0.5134196877479553,3.0394649505615234,0.6443036794662476,2.8438327312469482,0.5115301012992859,2.7781512503836434
2.8655014038085938,0.5380492210388184,2.8217949867248535,0.49849754571914673,2.635944366455078,0.5105630159378052,2.7781512503836434
3.034513473510742,0.5675572156906128,3.0199553966522217,0.47194039821624756,2.9776084423065186,0.5056116580963135,2.7781512503836434
2.6728110313415527,0.4963023364543915,3.0200724601745605,0.619113564491272,2.773547649383545,0.48710694909095764,2.7634279935629373
3.083153486251831,0.5738492012023926,3.269946575164795,0.6732795834541321,3.0186076164245605,0.4992281198501587,2.6989700043360187
3.2102813720703125,0.8051116466522217,3.2434797286987305,0.4973509609699249,3.2462024688720703,0.7912258505821228,3.752893154884594
3.5567333698272705,0.8150463104248047,3.7278199195861816,0.7967116832733154,3.5011539459228516,0.8478399515151978,3.752893154884594
2.8819751739501953,0.8288702964782715,3.0341317653656006,0.7610089182853699,2.895768880844116,0.7972420454025269,3.450557009418329
3.4110028743743896,0.8560352921485901,3.407087802886963,0.6336236596107483,3.405942440032959,0.9662744998931885,3.752893154884594
2.8700881004333496,0.8974719047546387,3.2702293395996094,0.8787755370140076,3.325209617614746,0.9400872588157654,3.4514794051248616
2.548912525177002,0.9072391390800476,2.933403968811035,0.917053759098053,2.8765947818756104,0.8840985298156738,3.3334472744967503
1.1913284063339233,0.8270277380943298,1.513386607170105,0.5962276458740234,1.456250786781311,0.6225475668907166,1.3424226808222062
1.6746671199798584,0.7845945358276367,1.718718409538269,0.5564691424369812,1.3917059898376465,0.6706187725067139,1.3222192947339193
1.2108495235443115,0.9192239046096802,1.4154173135757446,0.755494236946106,0.9494379758834839,1.0275624990463257,1.255272505103306
1.232361078262329,0.8682205080986023,1.4957395792007446,0.7390606999397278,1.069319486618042,0.9456519484519958,1.221848758302246
1.1016539335250854,0.5996023416519165,1.0161285400390625,0.5975154042243958,1.1599106788635254,0.7184993028640747,1.3979400086720377
1.639478325843811,0.665079653263092,1.0941826105117798,0.5932087302207947,1.5769673585891724,0.5785196423530579,1.3521825181113625
0.9237053990364075,0.6362412571907043,0.9421863555908203,0.6771289110183716,1.2485949993133545,0.5581820011138916,1.2430380486862944
1.2472500801086426,0.6178112626075745,1.1844428777694702,0.48151230812072754,1.2464182376861572,0.5599441528320312,1.221848758302246
1.2650091648101807,0.5917457342147827,1.1863138675689697,0.5788910388946533,1.2353103160858154,0.7337634563446045,1.4393326938302626
1.7274930477142334,0.6694647073745728,1.7231930494308472,0.6394065022468567,1.697003722190857,0.6316693425178528,1.380211241711606
1.0769424438476562,0.7396142482757568,1.269826889038086,0.593952476978302,1.0781047344207764,0.8022870421409607,1.2304489213782739
1.3062342405319214,0.6132643818855286,1.1618432998657227,0.5712441205978394,1.3997173309326172,0.5856408476829529,1.221848758302246
1.2746753692626953,0.5977892279624939,1.1044681072235107,0.6031142473220825,1.162652850151062,0.7259848713874817,1.4771212547196624
1.3313066959381104,0.5836200714111328,1.1945692300796509,0.5972985029220581,1.4745479822158813,0.6597973108291626,1.3979400086720377
1.1053646802902222,0.5860216617584229,1.214519739151001,0.5958267450332642,1.1253408193588257,0.6826624870300293,1.221848758302246
1.0206983089447021,0.749298632144928,0.8822466135025024,0.6653329133987427,1.3358328342437744,0.5554633140563965,1.2041199826559248
1.2644842863082886,0.622104823589325,1.1353164911270142,0.6455849409103394,1.418241024017334,0.5854212641716003,1.1549019512998535
0.9308863282203674,1.0456609725952148,0.5597481727600098,0.9472925066947937,0.4701038599014282,1.1706947088241577,0.6020599913279624
1.0036847591400146,1.115602970123291,1.0390758514404297,1.0916587114334106,0.8983832597732544,1.1096367835998535,-0.22184874961635637
2.2906298637390137,0.5183793902397156,2.823827028274536,0.6660773754119873,2.169464588165283,0.5533127188682556,2.832508912706236
2.1301770210266113,0.6732059121131897,1.7532658576965332,0.6375585794448853,1.6546725034713745,0.5833514332771301,2.814913181275074
1.486758828163147,0.9837527275085449,0.6776624321937561,1.074995994567871,1.0517557859420776,0.9795829057693481,2.12057393120585
1.944676160812378,0.7677635550498962,2.4071147441864014,0.8939551711082458,2.2247698307037354,0.9009048342704773,2.694605198933569
1.77977454662323,0.5097360610961914,1.6758592128753662,0.5271823406219482,1.5937974452972412,0.5071214437484741,1.7075701760979363
1.7470487356185913,0.43755096197128296,1.9503685235977173,0.4355880320072174,1.8077878952026367,0.4406961500644684,1.3979400086720377
1.553740382194519,0.5201623439788818,1.6788158416748047,0.485381543636322,1.5557470321655273,0.5016682744026184,1.3010299956639813
1.3515626192092896,0.4476696848869324,1.2659363746643066,0.5032790303230286,1.3531733751296997,0.42932456731796265,0.8450980400142568
1.8255525827407837,0.5084815621376038,1.745300531387329,0.4750858545303345,1.6848533153533936,0.5362734794616699,1.9242792860618816
1.6991212368011475,0.505651593208313,1.9916250705718994,0.43485233187675476,1.7365729808807373,0.5176786780357361,1.6532125137753437
1.8316235542297363,0.48535171151161194,1.6849092245101929,0.47776126861572266,1.7869353294372559,0.4842446446418762,1.4313637641589874
1.4282667636871338,0.4327010214328766,1.3155471086502075,0.5028830170631409,1.4863594770431519,0.4692864716053009,0.9542425094393249
1.9108368158340454,0.46297529339790344,1.8502930402755737,0.48648935556411743,1.7112302780151367,0.5076268911361694,2.167317334748176
1.770253300666809,0.5050854682922363,1.8757963180541992,0.46104303002357483,1.807348608970642,0.5167490839958191,1.919078092376074
1.8934822082519531,0.48357918858528137,1.9164413213729858,0.43788111209869385,1.6596945524215698,0.5238118171691895,1.6812412373755872
1.3658403158187866,0.49182572960853577,1.3861829042434692,0.5026384592056274,1.456473708152771,0.4269624948501587,1.0791812460476249
1.9942312240600586,0.5057002305984497,2.0192930698394775,0.48154908418655396,1.8664873838424683,0.5298986434936523,2.7067177823367587
1.8746083974838257,0.5049764513969421,1.930863380432129,0.4651493728160858,2.0413527488708496,0.46294307708740234,2.155336037465062
1.9611397981643677,0.4609307646751404,1.7923576831817627,0.5151612758636475,1.7660850286483765,0.522333562374115,2.0293837776852097
1.6008548736572266,0.44388455152511597,1.4935411214828491,0.5028838515281677,1.5069794654846191,0.507375180721283,1.505149978319906
2.1669254302978516,0.5057202577590942,2.083129644393921,0.46904999017715454,2.052746534347534,0.5303245186805725,3.227629649571009
2.031914472579956,0.5059924125671387,2.1029129028320312,0.4634259343147278,2.0167648792266846,0.49460455775260925,2.745855195173729
1.9369547367095947,0.5185563564300537,2.0610761642456055,0.4762287735939026,2.0910768508911133,0.44247275590896606,2.361727836017593
1.6275546550750732,0.49389246106147766,1.7604014873504639,0.4493337571620941,1.8179649114608765,0.45051923394203186,1.7708520116421442
2.091838836669922,0.4460224211215973,2.2819690704345703,0.4943203330039978,2.1027941703796387,0.5322132706642151,2.841359470454855
2.2032716274261475,0.4993789494037628,2.2386722564697266,0.4635584056377411,2.207231044769287,0.514266848564148,2.367355921026019
2.108410358428955,0.4686310291290283,2.1129114627838135,0.4698808491230011,2.0829544067382812,0.4593576490879059,2.2810333672477277
1.9895480871200562,0.4710451662540436,1.8772956132888794,0.43585696816444397,1.7881035804748535,0.44317197799682617,1.5563025007672873
2.0569119453430176,0.4578467011451721,2.101463556289673,0.501937210559845,2.159721851348877,0.46868962049484253,2.4927603890268375
2.0969693660736084,0.4430375397205353,2.371570587158203,0.4352860450744629,2.17021107673645,0.44859108328819275,2.187520720836463
2.2514889240264893,0.4797534644603729,2.0012130737304688,0.4731428921222687,2.0938496589660645,0.45102980732917786,2.130333768495006
1.7408061027526855,0.45347434282302856,1.7324267625808716,0.4555013179779053,1.868589162826538,0.4550153315067291,1.3010299956639813
1.536588430404663,0.7389547228813171,1.7897388935089111,0.4813827574253082,1.8467929363250732,0.6185585260391235,1.568201724066995
1.804882526397705,0.5254778861999512,1.5256503820419312,0.615030825138092,1.7505768537521362,0.5576748251914978,1.6434526666158582
1.6339856386184692,0.6911711692810059,1.7919951677322388,0.5556487441062927,1.8569520711898804,0.6050871014595032,1.8129133700057625
1.8046329021453857,0.7312831878662109,1.7901349067687988,0.7015395760536194,1.9224727153778076,0.701695442199707,1.75587484805329
1.9444353580474854,0.5834941267967224,1.9444782733917236,0.5520206689834595,1.963481068611145,0.5562022924423218,1.6989700043360187
1.7522077560424805,0.571952223777771,1.868056297302246,0.5029047131538391,1.8284107446670532,0.7186933755874634,1.5910645958907432
1.5329691171646118,0.7244129776954651,1.5672721862792969,0.6019339561462402,1.9173388481140137,0.5459232330322266,1.3010299956639813
1.8966947793960571,0.5349217653274536,1.9462953805923462,0.6138585209846497,2.1059017181396484,0.5502764582633972,1.6020599913279625
1.5614715814590454,0.7553268671035767,1.9499168395996094,0.6168670654296875,2.054729461669922,0.5531252026557922,1.5563025007672873
1.135460615158081,0.6573113203048706,0.8425617814064026,0.6531738042831421,0.5380227565765381,0.732060968875885,1.5563025007672873
1.5500162839889526,0.8762627243995667,1.4538439512252808,0.8089719414710999,1.4782947301864624,0.7844918370246887,1.462397997898956
1.4583723545074463,0.8101009130477905,1.4159222841262817,0.775855302810669,1.4240049123764038,0.7932925224304199,1.4771212547196624
1.4225021600723267,0.6609094738960266,1.312485694885254,0.5881040692329407,1.3189396858215332,0.7954173684120178,1.4913616938342726
1.5371977090835571,0.8862707018852234,1.4421354532241821,0.8128163814544678,1.3722399473190308,0.748406171798706,1.6989700043360187
1.438413381576538,0.6666579246520996,1.390726923942566,0.8276151418685913,1.5997666120529175,0.7214834094047546,1.6812412373755872
1.5514761209487915,0.8880659937858582,1.3814730644226074,0.5792885422706604,1.321547269821167,0.8328048586845398,1.6334684555795866
1.5396631956100464,0.6786129474639893,1.636330485343933,0.7746512293815613,1.673505187034607,0.6890150308609009,1.5563025007672873
1.9573824405670166,0.9308385848999023,2.1362903118133545,0.8207463622093201,1.6342687606811523,0.7030736804008484,1.505149978319906
1.472748875617981,1.0348126888275146,1.6275771856307983,1.0978615283966064,1.5186374187469482,1.1900696754455566,1.3424226808222062
1.7922866344451904,1.1511038541793823,1.8815672397613525,1.1657311916351318,1.9299421310424805,1.0871617794036865,1.5185139398778875
1.4923750162124634,0.6294150948524475,1.5636918544769287,0.6383504271507263,1.6140815019607544,0.5605459809303284,1.0
1.3914927244186401,0.7136397361755371,1.5363870859146118,0.748747706413269,1.5763522386550903,0.6613774299621582,1.187520720836463
0.7363495826721191,0.8414327502250671,0.5585769414901733,0.6249513030052185,0.9318272471427917,0.654212236404419,1.1139433523068367
0.8713906407356262,0.6361469030380249,0.8751872777938843,0.5727355480194092,0.6573870182037354,0.5897514224052429,1.021189299069938
1.0031006336212158,0.625657320022583,0.880242109298706,0.7200899720191956,0.9367014765739441,0.6622025370597839,1.1760912590556813
1.2301292419433594,0.6316524147987366,0.9904013276100159,0.7177794575691223,0.9587056636810303,0.7701992392539978,1.146128035678238
0.6731365323066711,0.7793545722961426,0.556290864944458,0.6389811038970947,0.7875282168388367,0.8295747637748718,1.1139433523068367
0.9483094215393066,0.6514220833778381,0.993725597858429,0.73955237865448,1.0985994338989258,0.6501756906509399,0.9542425094393249
0.8434512615203857,0.9488955140113831,0.7296513915061951,0.9558086395263672,1.059753179550171,0.938902735710144,1.5314789170422551
0.521519660949707,0.9279411435127258,0.6495375633239746,0.8705673813819885,0.8603154420852661,0.8049850463867188,1.5228787409373927
1.897147297859192,0.6658105254173279,2.2940187454223633,0.579192042350769,2.0611658096313477,0.6834152936935425,1.9542425094393248
1.4636318683624268,0.7373019456863403,1.7211490869522095,0.6571149826049805,1.6394834518432617,0.6213603019714355,1.5831987739686226
1.4634456634521484,0.7300904989242554,1.1376407146453857,0.6426013708114624,1.4427109956741333,0.7304551005363464,1.3617278360175928
1.4561963081359863,0.6412505507469177,1.6501896381378174,0.6046804189682007,1.3940626382827759,0.644480288028717,1.3263358609287514
1.393153190612793,0.5936118960380554,1.3704135417938232,0.5881983041763306,1.3779503107070923,0.5978376269340515,1.2810333672477277
1.1002795696258545,0.7692341208457947,0.9811800718307495,0.7132124900817871,1.0942221879959106,0.7492205500602722,1.221848758302246
0.5627920627593994,0.6228716969490051,0.8923332691192627,0.6201684474945068,1.032585859298706,0.6540247201919556,1.1549019512998535
0.3107796907424927,0.7247851490974426,0.27444708347320557,0.6390385031700134,0.41519761085510254,0.7002890706062317,1.1139433523068367
1.4667599201202393,0.6217437982559204,1.0357978343963623,0.518528938293457,1.3811192512512207,0.6474312543869019,1.0969100130080565
1.1575583219528198,0.5460626482963562,1.2610548734664917,0.5314565896987915,1.2525101900100708,0.5154033899307251,0.9777236052888477
0.08435952663421631,0.6253416538238525,0.07503688335418701,0.5230134725570679,0.09739077091217041,0.5836210250854492,0.9777236052888477
0.20844292640686035,0.5084602236747742,0.37222349643707275,0.48977968096733093,0.4457085132598877,0.5656533241271973,0.8860566650649422
0.8270352482795715,0.4967939555644989,1.0580880641937256,0.5635560750961304,0.9087700247764587,0.545499861240387,0.8860566650649422
1.7897287607192993,1.166571021080017,1.7922303676605225,1.1909767389297485,1.8902509212493896,1.2762709856033325,1.568201724066995
1.2921507358551025,0.5211190581321716,1.3996880054473877,0.5231556296348572,1.3653045892715454,0.6011674404144287,1.568201724066995
1.0989290475845337,0.6936571002006531,1.4824955463409424,0.8826562762260437,1.4907015562057495,0.7149917483329773,1.462397997898956
1.3304895162582397,0.8856422901153564,1.2949609756469727,0.7938878536224365,1.2431539297103882,0.815544605255127,1.3424226808222062
1.2884292602539062,0.7127922177314758,1.3936206102371216,0.6169990301132202,1.3029612302780151,0.7889418005943298,1.146128035678238
1.28300940990448,1.2068184614181519,1.306218147277832,0.8604750037193298,1.6787954568862915,1.2975133657455444,1.3424226808222062
1.0055694580078125,0.539756178855896,1.0171961784362793,0.5099050998687744,1.017455816268921,0.6336260437965393,1.3010299956639813
0.8969834446907043,0.8061768412590027,0.9344298243522644,0.7913264036178589,1.0621345043182373,0.7757228016853333,1.2787536009528289
0.881024181842804,0.8970717191696167,1.027550220489502,0.9511685371398926,0.9378464818000793,0.8032342791557312,1.0
0.9925044775009155,0.7452576756477356,1.2180856466293335,0.7676362991333008,1.462417483329773,0.6172414422035217,0.7781512503836436
1.137446403503418,1.3241667747497559,0.991644561290741,1.3888881206512451,1.0568454265594482,1.418728232383728,1.414973347970818
0.8353553414344788,0.8331403732299805,0.9298141598701477,0.6847448945045471,0.9480027556419373,0.9506469964981079,0.9542425094393249
0.9365573525428772,1.0900956392288208,1.0835115909576416,1.0787895917892456,1.0677800178527832,1.1007375717163086,0.9030899869919435
1.2409563064575195,1.083358883857727,0.9565569162368774,1.1209526062011719,1.0645203590393066,1.1268855333328247,0.47712125471966244
1.173964500427246,0.9693721532821655,1.1684274673461914,1.0205967426300049,1.212830901145935,0.8844485878944397,0.3010299956639812
1.497451901435852,1.1154892444610596,1.6263847351074219,1.0537868738174438,1.8549163341522217,1.0829417705535889,0.47712125471966244
1.3544409275054932,0.5636464357376099,1.6921840906143188,0.7086796760559082,1.7591015100479126,0.6315097212791443,2.0
1.5226961374282837,0.6092095375061035,1.1941096782684326,0.5535407662391663,1.4453160762786865,0.5513548254966736,1.6989700043360187
1.266339659690857,0.918721079826355,1.2345284223556519,0.8470982909202576,1.7889372110366821,1.050892949104309,1.5228787409373927
1.9369655847549438,0.5866398215293884,2.0214083194732666,0.5447808504104614,1.789734959602356,0.7121137976646423,2.0
1.6059753894805908,0.9431978464126587,1.6456371545791626,0.9044650793075562,1.7529734373092651,0.976445198059082,1.6989700043360187
1.468026876449585,0.6164621710777283,1.2943991422653198,0.5589468479156494,1.478743314743042,0.5572519302368164,1.6989700043360187
1.8303147554397583,0.932528555393219,1.5950342416763306,0.9451258778572083,1.828909993171692,0.9823285341262817,2.0
2.0838239192962646,0.5568525791168213,1.6572810411453247,0.564868152141571,1.7114542722702026,0.5577869415283203,2.0
1.5583504438400269,0.5550738573074341,1.512850284576416,0.5070896148681641,1.5226545333862305,0.6084486842155457,1.6989700043360187
0.8493059873580933,0.5015178918838501,0.9780617356300354,0.5298241972923279,0.8193874359130859,0.5240773558616638,2.0
0.9256495833396912,0.4846653640270233,1.0961544513702393,0.45365986227989197,1.1048123836517334,0.502902626991272,2.0
0.9449182748794556,0.5000427961349487,1.0737640857696533,0.4975491166114807,0.9185935854911804,0.5248807668685913,2.0
0.9243648648262024,0.4872586131095886,1.0811333656311035,0.45778295397758484,0.9864906668663025,0.5103650093078613,2.0
0.8139732480049133,0.7516373991966248,0.8048385977745056,0.7600662112236023,0.9141333699226379,0.7255411744117737,0.9542425094393249
1.3098945617675781,0.8428983092308044,1.1901664733886719,0.5279319286346436,1.325394630432129,0.8354963064193726,0.6989700043360189
1.1631906032562256,0.7362216711044312,1.3876821994781494,0.8836092948913574,1.1884543895721436,0.813118577003479,1.0
0.9136829972267151,0.7390955686569214,1.1268301010131836,0.8880391120910645,0.9925447702407837,0.7620844841003418,0.7481880270062005
1.2596677541732788,0.7676066756248474,1.17610764503479,0.7640268206596375,1.2872060537338257,0.837922215461731,1.6989700043360187
0.9842859506607056,0.7673953771591187,0.9966312646865845,0.7340885400772095,0.9719095230102539,0.8459849953651428,0.7403626894942439
1.2509799003601074,0.734108030796051,1.2907308340072632,0.5286177396774292,1.427855372428894,0.8339614868164062,2.0969100130080562
1.161900281906128,0.8379523754119873,1.2889249324798584,0.8858100771903992,1.0694422721862793,0.8091933131217957,0.8750612633917001
1.6660560369491577,0.8441636562347412,1.489037036895752,0.7492958307266235,1.567457675933838,0.8095117807388306,2.0969100130080562
1.5401294231414795,0.8430795669555664,1.6529176235198975,0.8874190449714661,1.421128273010254,0.8341755867004395,1.0
1.6692662239074707,0.5648140907287598,1.739554524421692,0.5487977266311646,1.7269660234451294,0.5709055662155151,0.3010299956639812
1.6975971460342407,0.5639536380767822,1.5176409482955933,0.5577281713485718,1.3906670808792114,0.5563850402832031,1.0
1.7837773561477661,0.522244393825531,1.5641186237335205,0.5560874938964844,1.392285943031311,0.5531041026115417,1.3010299956639813
1.8951351642608643,0.5708080530166626,1.6787077188491821,0.5216184854507446,1.5434889793395996,0.5536412000656128,1.9542425094393248
2.2394509315490723,0.5610131621360779,2.0606436729431152,0.5185869932174683,2.360673427581787,0.5433520078659058,2.6989700043360187
2.2858059406280518,0.5381717085838318,2.382551670074463,0.47457608580589294,2.3429970741271973,0.517856240272522,3.0398105541483504
2.7504043579101562,0.6175591945648193,2.3339807987213135,0.6968268156051636,2.4696474075317383,0.6540070176124573,2.9565237915936438
2.2266957759857178,0.5643846392631531,2.2593541145324707,0.658555269241333,2.0618057250976562,0.590602457523346,2.70687133673295
2.614257574081421,0.5272025465965271,2.717707633972168,0.5498220324516296,2.5138602256774902,0.5971793532371521,3.076086756743291
2.33878231048584,0.5625911355018616,2.188624858856201,0.6677341461181641,2.2992165088653564,0.6273899078369141,2.814274238747904
2.7113680839538574,0.5260847210884094,2.551882266998291,0.6844547390937805,2.580051898956299,0.5037732124328613,3.3586960995738107
2.5349674224853516,0.6165300607681274,2.2914419174194336,0.6620381474494934,2.414639949798584,0.6261215806007385,2.78801273285574
2.617342948913574,0.5214332342147827,2.632589817047119,0.44758325815200806,2.6593778133392334,0.5036951303482056,2.462368045522524
3.1145248413085938,0.6219335794448853,2.7139816284179688,0.5112138390541077,2.77506685256958,0.5914399027824402,3.20652095363069
2.5475404262542725,0.5039480328559875,2.454184055328369,0.6529110670089722,2.5578441619873047,0.4996200501918793,2.8374369137301994
2.622690200805664,0.4872611463069916,2.4833474159240723,0.5055065751075745,2.4266598224639893,0.581261396408081,2.741939077729199
2.7328381538391113,0.6402815580368042,2.5748283863067627,0.6470297574996948,2.491161346435547,0.5152506232261658,3.0
2.652899742126465,0.5757220387458801,2.7149734497070312,0.4519227147102356,2.4961180686950684,0.5896454453468323,2.9354820739988465
2.9107372760772705,0.5044609308242798,2.900489091873169,0.6731399893760681,3.114281177520752,0.6549824476242065,3.141305507230986
2.967494010925293,0.6400023698806763,2.907702922821045,0.5434694886207581,2.6524763107299805,0.5119370222091675,2.7483431044875495
2.444298505783081,0.5637502074241638,2.455979347229004,0.6104642152786255,2.522630214691162,0.553753137588501,2.8609366207000937
2.3807036876678467,0.6162111163139343,2.3214478492736816,0.5933014154434204,1.8277294635772705,0.5553401112556458,2.530711837981657
2.948335647583008,0.7702990770339966,2.3774237632751465,0.5135513544082642,1.9467766284942627,0.5250008702278137,2.373095987078727
2.47650146484375,0.6237479448318481,2.3492488861083984,0.6019018292427063,2.4559853076934814,0.6451823711395264,2.2641091563058082
1.1979327201843262,0.8609780669212341,1.0852010250091553,0.9114188551902771,1.1499866247177124,0.910852313041687,1.5228787409373927
0.9330124855041504,0.8414738178253174,1.1987509727478027,0.7280585169792175,1.1844556331634521,0.8769347071647644,1.1549019512998535
1.589451551437378,0.9922848343849182,1.2759073972702026,0.8475147485733032,1.1970925331115723,0.8895787000656128,1.0
0.6740030646324158,0.8808045983314514,0.5556769371032715,0.8966425061225891,0.7726342678070068,0.8646143078804016,0.7695510829646709
1.1715009212493896,0.9840370416641235,1.0735348463058472,0.9127854108810425,1.1568670272827148,0.8384401202201843,1.6989700043360187
1.427577018737793,1.0750257968902588,1.3118524551391602,0.8301646709442139,1.0585070848464966,1.07478928565979,1.3010299956639813
0.9484078288078308,0.9896021485328674,0.8722739219665527,0.5876080393791199,1.1166062355041504,0.7522847056388855,1.221848758302246
0.7930751442909241,0.8784410357475281,0.5619179010391235,0.5900394916534424,0.6917104125022888,0.9273665547370911,0.8860566650649422
0.9242613315582275,0.5875928997993469,0.942039430141449,0.6804839372634888,0.7372252941131592,0.589778482913971,1.221848758302246
0.9697396159172058,0.567513108253479,1.045989990234375,0.5491116642951965,0.9314378499984741,0.5515316128730774,1.1549019512998535
0.8687321543693542,0.5201759934425354,1.0284277200698853,0.5567188858985901,0.836762547492981,0.5126211643218994,1.0969100130080565
1.009432077407837,0.5556628704071045,1.1811178922653198,0.534902036190033,0.9398966431617737,0.5258293151855469,1.0
0.9221961498260498,0.5068752765655518,1.036137342453003,0.5340177416801453,0.8729696273803711,0.5633232593536377,0.9586073104988301
0.8717634677886963,0.6110622882843018,0.831505298614502,0.6787442564964294,0.8775166273117065,0.5960482358932495,1.221848758302246
0.8413554430007935,0.5243362784385681,0.8816474080085754,0.4972270131111145,1.0035722255706787,0.48302793502807617,1.0969100130080565
1.0498719215393066,0.551047146320343,0.8999465703964233,0.4571394920349121,0.8846570253372192,0.5138089060783386,1.0457574862177303
1.174915075302124,0.5270127058029175,1.063586950302124,0.4487895667552948,0.9911475777626038,0.46742159128189087,1.0
0.8818252682685852,0.479629784822464,0.7080512642860413,0.47747981548309326,0.962517499923706,0.4967784583568573,0.9208187365805955
0.7740942239761353,0.7296292185783386,0.9627642035484314,0.580023467540741,0.7669866681098938,0.6495442390441895,1.1549019512998535
1.097160816192627,0.48735833168029785,1.0369571447372437,0.5316892862319946,0.9120197892189026,0.5221044421195984,1.0969100130080565
0.8772529363632202,0.702469527721405,0.9885640144348145,0.5247249603271484,0.8688503503799438,0.5686922669410706,1.0457574862177303
0.8850297331809998,0.5881891250610352,1.0032143592834473,0.4971633851528168,0.6404803395271301,0.639857828617096,0.9586073104988301
1.0556225776672363,0.47265875339508057,0.9971041083335876,0.48940157890319824,1.0747272968292236,0.5642735362052917,0.9586073104988301
1.7747465372085571,0.7349831461906433,1.3029568195343018,0.6760448217391968,1.742579460144043,0.572059690952301,1.6384892569546374
1.7325453758239746,0.7342643737792969,1.7320234775543213,0.6066728830337524,1.0800747871398926,0.5525972247123718,1.6334684555795866
1.1213164329528809,0.5827054977416992,1.5938929319381714,0.824728786945343,1.6290414333343506,0.6189194917678833,1.6232492903979006
1.6900376081466675,0.9521960616111755,1.41429603099823,0.6978750824928284,1.2099087238311768,0.6343892812728882,1.579783608045612
2.2421915531158447,0.9779180884361267,1.5032639503479004,1.0547171831130981,2.0229201316833496,0.8735353350639343,1.5563025007672873
1.9784224033355713,0.5739656090736389,1.8600287437438965,1.003173589706421,2.0720629692077637,0.5245660543441772,2.0170333392987803
1.840151309967041,0.7134925723075867,1.8557862043380737,0.7630713582038879,1.9707038402557373,1.1506397724151611,2.103803720955957
1.9449167251586914,0.7128820419311523,2.2942519187927246,0.5203720927238464,2.2574682235717773,0.5223180055618286,2.2095150145426308
2.3963699340820312,0.8844134211540222,2.3027968406677246,0.5922731757164001,1.9881502389907837,0.7088971734046936,2.3873898263387296
1.5027714967727661,0.694658637046814,1.3620588779449463,0.7302026152610779,1.836244821548462,0.4961708188056946,1.6720978579357175
1.810632586479187,0.7483766078948975,1.5697375535964966,0.6941912174224854,2.152897596359253,0.5152963399887085,1.4771212547196624
1.732344150543213,0.510330319404602,1.4896754026412964,0.7307376265525818,1.662734031677246,0.7168276309967041,0.9030899869919435
1.8137356042861938,0.7849333882331848,1.9727449417114258,0.6176501512527466,2.519256114959717,0.5481205582618713,1.7781512503836436
2.3248748779296875,0.7587741017341614,2.426056146621704,0.7671391367912292,2.261669635772705,0.766507089138031,2.2174839442139063
2.0844767093658447,0.5248180627822876,1.8191015720367432,0.7256569266319275,1.8260393142700195,0.7639364004135132,2.204119982655925
-0.003872513771057129,0.5171750783920288,0.04923665523529053,0.5131031274795532,0.14015507698059082,0.5209190249443054,0.09691001300805642
0.1405881643295288,0.5061380863189697,0.14772629737854004,0.5469663143157959,0.11800849437713623,0.503679633140564,0.3010299956639812
0.2774099111557007,0.5647435784339905,0.12525439262390137,0.45094507932662964,-0.04712200164794922,0.5429628491401672,0.47712125471966244
0.11332154273986816,0.4805527925491333,0.21236205101013184,0.5215378999710083,0.1583322286605835,0.5041878819465637,0.47712125471966244
0.23212146759033203,0.5016794204711914,0.2507823705673218,0.5204906463623047,0.26307761669158936,0.5191827416419983,0.4623979978989561
0.4739187955856323,0.5099265575408936,0.4280276298522949,0.5170436501502991,0.39940667152404785,0.502902626991272,0.8129133566428556
1.0664057731628418,0.5794657468795776,1.3058110475540161,0.6281429529190063,0.8255470991134644,0.9327916502952576,0.9586073104988301
1.0307936668395996,0.5573719143867493,0.8497563600540161,0.4818653464317322,0.8709533214569092,0.5091989636421204,0.9777236052888477
0.9713289141654968,0.5015658140182495,1.0400941371917725,0.536562442779541,1.0657882690429688,0.5101370215415955,1.0
0.9151724576950073,0.499432772397995,0.9144299030303955,0.4954068064689636,0.750027596950531,0.5147523880004883,1.0
0.8065811395645142,0.7854359149932861,0.8872339725494385,0.6040700078010559,1.0261361598968506,0.5044617056846619,0.9586073104988301
0.9427983164787292,0.5127630233764648,1.022983431816101,0.5194989442825317,1.0375828742980957,0.5140960216522217,0.9586073104988301
1.1538840532302856,0.8612199425697327,1.129677653312683,0.825606644153595,1.1096947193145752,0.9383879899978638,0.9586073104988301
0.9270327091217041,0.5118261575698853,0.8886418342590332,0.4626418352127075,0.8730276226997375,0.5646301507949829,1.0530784434834197
1.8417917490005493,0.8328920006752014,1.3161168098449707,0.6123489141464233,1.2577941417694092,0.5791735053062439,1.041392685158225
0.880561351776123,1.0538430213928223,1.4100689888000488,0.6206693053245544,0.8107839822769165,1.0350027084350586,0.13353890837021754
1.850285291671753,0.832679808139801,1.7308144569396973,0.8528290390968323,1.9261045455932617,1.0128850936889648,1.2151085810530933
0.6655371785163879,1.1784265041351318,0.7105167508125305,1.0342957973480225,1.4316368103027344,0.5777959227561951,0.7339992865383869
1.7163866758346558,0.9979027509689331,1.752116084098816,0.9311293959617615,1.9433704614639282,1.012603998184204,1.4581844355702627
1.4584987163543701,0.630377471446991,0.7847041487693787,0.9285863041877747,1.4159932136535645,0.5777748227119446,0.7339992865383869
1.758933186531067,0.9974452257156372,1.68556809425354,0.5516308546066284,1.9820252656936646,1.012033462524414,1.948950610245548
0.9514952301979065,1.0533844232559204,1.4873980283737183,0.6185271739959717,0.8122608661651611,0.9384424686431885,0.9100905455940682
1.6704694032669067,1.1305601596832275,1.7713831663131714,0.5501424670219421,1.7866418361663818,0.936433732509613,2.232919911693493
1.6170848608016968,0.6305847764015198,0.8623506426811218,1.0344644784927368,1.6053709983825684,0.5767925977706909,1.0350292822023681
1.9187262058258057,0.7705507874488831,1.6177103519439697,0.6050782203674316,1.7640053033828735,0.9844316244125366,2.4260555824839303
0.9155178070068359,1.176706075668335,1.0342507362365723,0.9598305225372314,1.134907841682434,1.0390899181365967,1.2460059040760292
2.0375466346740723,1.130355715751648,2.2785568237304688,0.9340342879295349,2.0204837322235107,0.9839401245117188,2.503368436197436
1.1778950691223145,1.1786127090454102,1.2445569038391113,1.042859673500061,1.2654004096984863,0.9457395672798157,1.5122840632818535
2.285510540008545,1.1416116952896118,2.4660661220550537,0.9134889841079712,2.2561516761779785,0.9949548244476318,2.583176094813449
0.6555147171020508,1.0975005626678467,0.7322793006896973,1.3285999298095703,0.7071161270141602,1.2978142499923706,0.6812412373755872
0.8171664476394653,1.294598937034607,0.9453144669532776,0.7497468590736389,0.9003726243972778,1.3288527727127075,0.7481880270062005
0.9047431349754333,0.9511044025421143,0.909781813621521,0.9397177696228027,0.7342426776885986,1.0930231809616089,0.9294189257142927
0.5247230529785156,0.8173015713691711,0.619251012802124,0.6994025111198425,0.6402746438980103,0.6802510619163513,0.5910646070264992
0.42235422134399414,0.8473047018051147,0.5164296627044678,0.9978329539299011,0.5824496746063232,1.0205955505371094,0.414973347970818
0.5677202939987183,0.8699394464492798,0.5719665288925171,0.6872586607933044,0.5108797550201416,1.0897411108016968,0.43136376415898736
0.6687530279159546,0.7804554104804993,0.8357115387916565,0.7012370228767395,0.7342426776885986,1.0930231809616089,1.1038037209559568
1.293487548828125,1.165229320526123,1.9224311113357544,1.1465877294540405,1.5661238431930542,1.1177765130996704,0.9294189257142927
1.505049228668213,1.2722935676574707,1.1435110569000244,1.3107692003250122,1.451158046722412,1.2433160543441772,0.8195439355418687
2.5318667888641357,0.5313701033592224,2.8125882148742676,0.5140612125396729,2.5374526977539062,0.5057464838027954,2.091139153825755
1.6832526922225952,0.5398088693618774,1.5317540168762207,0.5384557843208313,1.3220696449279785,0.5399532318115234,1.7664128471123994
1.5072815418243408,0.5559058785438538,1.6078205108642578,0.4712100327014923,1.3001009225845337,0.5361635088920593,1.1271047983648077
1.9023137092590332,0.9907711148262024,2.252854824066162,0.6670162677764893,2.213284492492676,0.8693217635154724,1.5440680443502757
1.5846537351608276,0.9628701210021973,1.2368199825286865,0.9350419044494629,1.7365227937698364,1.0525705814361572,0.9731278535996987
1.1673126220703125,0.9982972741127014,1.2296383380889893,0.9363285899162292,1.1958365440368652,0.9558017253875732,2.342422680822206
2.2677230834960938,0.5213586688041687,2.204063892364502,0.523133397102356,2.2107229232788086,0.5116197466850281,1.6020599913279625
2.272552013397217,0.501007616519928,2.140479564666748,0.49060574173927307,2.3530454635620117,0.5138620138168335,2.342422680822206
2.328989028930664,0.5511735677719116,2.2491793632507324,0.48744577169418335,2.4069759845733643,0.5173040628433228,2.6989700043360187
2.65598726272583,0.49912115931510925,2.6419003009796143,0.4472094476222992,2.6072869300842285,0.5099548101425171,2.9030899869919438
2.8566689491271973,0.5487425327301025,2.8823041915893555,0.45033153891563416,2.9479427337646484,0.4946144223213196,2.3010299956639813
1.8420255184173584,1.1147834062576294,1.8705946207046509,1.0528600215911865,1.823493480682373,1.0571794509887695,2.495821753385906
2.276930570602417,0.5402842164039612,2.314567804336548,0.4619905352592468,2.338113784790039,0.5275490880012512,2.6532125137753435
2.220757246017456,0.5378838777542114,2.2939653396606445,0.4613701105117798,2.165086030960083,0.5345832109451294,2.7781512503836434
2.313278913497925,0.5270848870277405,2.139378547668457,0.5376266241073608,2.292039394378662,0.507851779460907,2.7781512503836434
2.1220734119415283,0.551461935043335,2.1422910690307617,0.5344798564910889,2.8286046981811523,0.5333430767059326,2.716003343634799
2.279575824737549,0.5084585547447205,2.1385843753814697,0.541441023349762,2.2349109649658203,0.5278782844543457,2.6627578316815743
2.2368874549865723,0.5463072061538696,2.2970473766326904,0.4678155183792114,2.2348544597625732,0.5328327417373657,2.5440680443502757
2.597968578338623,0.6107538938522339,2.5654568672180176,0.5370279550552368,1.9606913328170776,0.5099189281463623,2.3010299956639813
2.319951295852661,0.5365231037139893,2.3277719020843506,0.5343846082687378,2.3128018379211426,0.5128780007362366,2.845098040014257
2.2597484588623047,0.5366341471672058,2.438201427459717,0.5532872080802917,2.273000717163086,0.5468856692314148,2.8512583487190755
1.7821327447891235,0.6020848155021667,1.902803659439087,0.6236262917518616,1.9315664768218994,0.5606316328048706,2.8756399370041685
3.466200828552246,0.980225145816803,3.385714530944824,1.0193442106246948,3.51790714263916,0.9555860757827759,3.3010299956639813
3.292146682739258,0.9272406697273254,1.9488540887832642,0.5472903251647949,3.3781943321228027,0.9051938652992249,3.845098040014257
3.235894203186035,0.9266231656074524,3.4239583015441895,1.0196882486343384,1.8434871435165405,0.5289543271064758,3.57978359661681
3.4934988021850586,0.9463416337966919,3.4754714965820312,0.9474307894706726,3.5639586448669434,0.9604901671409607,3.4471580313422194
1.7323110103607178,0.5900053381919861,1.7307604551315308,0.5831907391548157,1.6858634948730469,0.7262428402900696,2.3010299956639813
1.7181824445724487,0.5481817722320557,1.7168540954589844,0.5850926637649536,1.6989684104919434,0.5884245038032532,2.1760912590556813
1.6968199014663696,0.6387054324150085,1.68562650680542,0.5780742168426514,1.5677837133407593,0.7127126455307007,2.0
1.8299250602722168,0.6056534051895142,1.8265444040298462,0.5284339189529419,1.7122681140899658,0.7348783612251282,2.0
1.8018250465393066,0.5519649386405945,1.8324134349822998,0.5393611192703247,1.7913326025009155,0.5534899234771729,1.6989700043360187
1.6924930810928345,0.5548686385154724,1.6771942377090454,0.5819103121757507,1.4870799779891968,0.7166982889175415,1.6020599913279625
1.6429593563079834,0.5593242645263672,1.7078434228897095,0.5927311182022095,1.7123193740844727,0.5748004913330078,1.6020599913279625
1.7281759977340698,0.6494235992431641,1.6155599355697632,0.5322911143302917,1.6578117609024048,0.5868435502052307,1.591064607026499
1.7282050848007202,0.5593899488449097,1.7843389511108398,0.4850837290287018,1.6551473140716553,0.7133194804191589,1.5797835966168101
1.7599114179611206,0.5853927731513977,1.8097641468048096,0.5754124522209167,1.7050738334655762,0.7192935347557068,1.568201724066995
1.8612887859344482,0.6079829335212708,1.9192513227462769,0.48124822974205017,1.845319390296936,0.5553886890411377,1.5563025007672873
1.8690576553344727,0.5218786001205444,1.7591921091079712,0.5875061750411987,1.8615119457244873,0.5928985476493835,1.5440680443502757
0.2397003173828125,1.0621075630187988,0.6502464413642883,0.87766432762146,0.6980164051055908,1.0441747903823853,0.07918124604762482
0.28897368907928467,1.0610992908477783,1.1642940044403076,0.9713169932365417,0.803581178188324,0.8731332421302795,0.20411998265592482
0.7557117342948914,0.689781129360199,0.8693774938583374,0.83873450756073,0.8077201843261719,1.044093132019043,0.2304489213782739
0.8326935768127441,0.8983412981033325,1.3154306411743164,0.9699799418449402,0.40615296363830566,0.9588744640350342,0.25527250510330607
0.5598412752151489,1.0578033924102783,1.4562230110168457,0.969159722328186,1.0334904193878174,0.7593014240264893,0.5440680443502757
1.213470697402954,1.0065336227416992,1.2987717390060425,1.0269012451171875,1.0449247360229492,0.928525984287262,1.4771212547196624
1.3850347995758057,0.9148480892181396,1.2852044105529785,1.0199342966079712,1.262549877166748,0.7991346120834351,1.2041199826559248
1.056804895401001,0.8062297105789185,0.8973227143287659,0.8744513988494873,0.8630320429801941,0.6859210133552551,0.8450980400142568
0.8800291419029236,0.7523210048675537,0.7528424859046936,0.5517431497573853,0.8792529702186584,0.6272837519645691,0.6627578316815741
0.8399604558944702,0.8253385424613953,0.9488916397094727,0.850922703742981,0.6649986505508423,0.8381593823432922,0.6020599913279624
0.7978631854057312,0.7631521224975586,0.6895462870597839,0.5491812229156494,0.8341155648231506,0.7748017907142639,0.47712125471966244
1.7884844541549683,0.7532998919487,1.9627132415771484,0.6326430439949036,1.635598063468933,0.7732530236244202,1.2304489213782739
1.40549635887146,0.7556681632995605,1.2368814945220947,0.7539107799530029,1.4284367561340332,0.8308428525924683,1.2041199826559248
1.2883455753326416,1.023402452468872,1.2559101581573486,0.7448238730430603,1.3008650541305542,0.916132926940918,1.1139433523068367
1.355210781097412,0.48674309253692627,1.2396565675735474,0.5348512530326843,1.5679543018341064,0.5139661431312561,1.1139433523068367
1.0134532451629639,0.5111528635025024,1.0974256992340088,0.522477388381958,0.7594594955444336,0.5440006852149963,0.505149978319906
1.8005852699279785,0.7509918808937073,1.6924169063568115,0.7217258810997009,1.6642975807189941,0.6403821110725403,1.4313637641589874
1.4634343385696411,0.6943668723106384,1.4330451488494873,0.48957952857017517,1.3876534700393677,0.5366770029067993,1.2304489213782739
1.2777070999145508,0.8123658299446106,1.347776174545288,0.7377946972846985,1.4054255485534668,0.8411607146263123,1.2174839442139063
1.1864129304885864,1.0467866659164429,1.1793668270111084,0.7750774025917053,1.1580822467803955,0.9203506708145142,1.1643528557844371
0.7394255995750427,0.6745390295982361,0.7150789499282837,0.5455297231674194,0.9260768294334412,0.5563896298408508,0.5797835966168101
1.768547773361206,0.7574725151062012,1.7565302848815918,0.546357274055481,1.8572502136230469,0.7911964058876038,1.568201724066995
1.7863770723342896,0.5222052931785583,1.2818586826324463,0.5479320883750916,1.504555344581604,0.47694677114486694,1.380211241711606
1.2773089408874512,0.8129600286483765,1.2661770582199097,0.8462701439857483,1.6103895902633667,0.7357140779495239,1.250420002308894
1.515617847442627,1.031507968902588,1.4823230504989624,0.7796722650527954,1.5286661386489868,0.8671582341194153,1.2148438480476977
1.3804781436920166,0.5159549713134766,0.9553308486938477,0.46495530009269714,0.8009641170501709,0.5639210343360901,0.6989700043360189
1.327486515045166,0.8755879402160645,1.6495261192321777,0.7127651572227478,1.639033555984497,0.6540125608444214,1.5797835966168101
1.1335232257843018,0.6317477226257324,1.2982243299484253,0.5525108575820923,1.2223660945892334,0.6129708290100098,1.4771212547196624
0.9370015263557434,1.0716845989227295,1.0661638975143433,0.7740753293037415,1.1269009113311768,0.9014334082603455,1.255272505103306
1.281664252281189,0.8067556619644165,1.0868744850158691,0.8029128909111023,1.1619138717651367,0.7459562420845032,1.250420002308894
0.8611458539962769,0.5036170482635498,0.6682057976722717,0.4882800877094269,0.9322128295898438,0.5385858416557312,0.8450980400142568
1.6577885150909424,0.7951037287712097,1.6087312698364258,0.7301135659217834,2.015615940093994,0.6960224509239197,1.6334684555795866
1.3824266195297241,0.5132735371589661,1.482244610786438,0.46462109684944153,1.6470484733581543,0.5259343981742859,1.4471580313422192
1.2347813844680786,0.8232858180999756,1.2210274934768677,0.8769655823707581,1.4776009321212769,0.8635530471801758,1.3010299956639813
1.3222548961639404,0.7718767523765564,1.42714524269104,0.5688163638114929,1.3018819093704224,0.7171812057495117,1.2922560713564761
0.8588644862174988,0.5162869095802307,0.7807281613349915,0.5644763708114624,0.7698096632957458,0.5732723474502563,0.8920946026904804
3.0079827308654785,0.7609191536903381,2.5575497150421143,0.5526218414306641,2.735931396484375,0.5752642750740051,2.6989700043360187
2.883671283721924,0.5807820558547974,2.6913249492645264,0.660668134689331,2.5049026012420654,0.5609384179115295,3.0
3.1677303314208984,0.7705051302909851,2.834886074066162,0.6526879072189331,3.0082778930664062,0.7484387755393982,3.3979400086720375
2.746152400970459,0.5555762052536011,2.843226432800293,0.6531574130058289,2.301095485687256,0.6347315907478333,3.255272505103306
3.157482147216797,0.7425325512886047,3.207965135574341,0.767463743686676,3.036972999572754,0.6533852815628052,3.4771212547196626
2.772670030593872,0.5653966069221497,2.854184627532959,0.6589925289154053,3.063387870788574,0.7255035042762756,3.1760912590556813
3.0811285972595215,0.904607355594635,2.7741127014160156,0.526974618434906,2.2698206901550293,0.5934081077575684,3.146128035678238
2.8144259452819824,0.603191077709198,3.2363195419311523,0.866407573223114,3.099010944366455,0.6831403970718384,3.0791812460476247
3.286179542541504,0.8349098563194275,3.01302433013916,0.7096925973892212,2.7551403045654297,1.1114908456802368,3.041392685158225
3.1095993518829346,0.5719524621963501,3.0847792625427246,0.577004075050354,3.2768945693969727,0.7157614827156067,3.9030899869919438
1.4274524450302124,0.9579361081123352,1.326174020767212,1.2026617527008057,1.40603506565094,0.7625266909599304,1.6989700043360187
1.5587499141693115,0.8192839622497559,1.5451977252960205,0.5200558304786682,1.4884953498840332,0.891867458820343,1.0457574862177303
1.6222578287124634,0.8156147003173828,1.5226140022277832,0.460279643535614,1.5515904426574707,0.8929154276847839,2.0
1.7080259323120117,0.9417080283164978,1.5634682178497314,1.2503782510757446,1.6304528713226318,0.6569303274154663,2.0
1.722141981124878,0.8612710237503052,1.7255282402038574,0.6895267963409424,1.7170827388763428,0.8974705338478088,1.9586073152760695
1.688330888748169,0.8199647068977356,1.808363914489746,0.9590608477592468,1.798174500465393,0.7566913962364197,1.6989700043360187
1.6836962699890137,0.8408202528953552,1.535550832748413,1.2728214263916016,1.7668278217315674,0.6239411234855652,1.9208187522151972
1.6869564056396484,0.8268977403640747,1.5771797895431519,1.2496856451034546,1.7727220058441162,0.7653185725212097,1.6989700043360187
1.8304485082626343,0.8339807987213135,1.619424819946289,1.2667533159255981,1.938871145248413,0.7677510380744934,1.3979400086720377
1.857566237449646,0.942115843296051,1.915417194366455,0.965616762638092,1.8902744054794312,0.6072693467140198,1.221848758302246
1.9694361686706543,0.7417482137680054,1.9445385932922363,0.7883149981498718,2.122032880783081,0.506193995475769,2.57978359661681
2.0270376205444336,0.5964609384536743,1.8891066312789917,0.849867582321167,2.1960136890411377,0.5706194043159485,2.380211241711606
1.9923659563064575,0.9830837845802307,2.0595626831054688,0.7898055911064148,2.099400758743286,0.56606525182724,2.3010299956639813
1.835130214691162,0.9802089333534241,2.0591843128204346,0.7959021925926208,1.9889272451400757,0.5318777561187744,2.278753600952829
2.250074625015259,0.521033763885498,2.2401680946350098,0.5641871094703674,2.2925100326538086,0.5355108976364136,2.278753600952829
2.2348790168762207,0.5463268160820007,2.34613037109375,0.532704770565033,2.3122806549072266,0.5528272986412048,2.278753600952829
2.3046481609344482,0.5903278589248657,2.4050445556640625,0.750906765460968,1.9905372858047485,0.9732809066772461,2.278753600952829
2.323655605316162,0.5083026885986328,2.439476728439331,0.45564499497413635,2.257446527481079,0.5483269691467285,2.3010299956639813
2.2735705375671387,0.5036443471908569,2.3707029819488525,0.4569447636604309,2.1365740299224854,0.5301743149757385,2.3010299956639813
2.239922523498535,0.6235033273696899,2.4129247665405273,0.7508489489555359,1.9989502429962158,0.973171055316925,2.3010299956639813
2.4231371879577637,0.5345978736877441,2.312917947769165,0.551409125328064,2.18472957611084,0.5510099530220032,2.4771212547196626
2.289670705795288,0.5036147236824036,2.3353934288024902,0.5190473794937134,2.3317699432373047,0.520001232624054,2.4771212547196626
2.25590181350708,0.6235362887382507,2.4413576126098633,0.6606783866882324,2.38144588470459,0.5823811292648315,2.4771212547196626
2.2847468852996826,0.5058256983757019,2.3286211490631104,0.5510135889053345,2.2024502754211426,0.5506443977355957,2.845098040014257
2.283052444458008,0.5458243489265442,2.1752548217773438,0.5464267730712891,2.1731534004211426,0.529761552810669,2.845098040014257
2.343555450439453,0.5895243883132935,2.250175714492798,0.7858964204788208,2.245151996612549,0.7816680669784546,2.845098040014257
2.303546905517578,0.5054643750190735,2.3660411834716797,0.49876683950424194,2.3879051208496094,0.5471814274787903,3.0791812460476247
2.3055481910705566,0.503642737865448,2.19596266746521,0.5461513996124268,2.322582721710205,0.5241325497627258,3.0791812460476247
2.2876136302948,0.6236831545829773,2.381638765335083,0.5477152466773987,2.0574936866760254,0.9725029468536377,3.0791812460476247
1.5415037870407104,1.649062156677246,1.1332614421844482,1.5133025646209717,1.0815777778625488,1.563138484954834,2.5409548089261325
1.1134345531463623,0.971049964427948,1.0968849658966064,0.8194681406021118,1.1676424741744995,0.9807759523391724,0.9542425094393249
1.1813310384750366,0.5726879835128784,1.4729069471359253,0.9776846766471863,1.4047553539276123,0.5667097568511963,0.9030899869919435
1.166882038116455,0.8708510994911194,1.5937868356704712,0.9890438914299011,1.6402568817138672,0.8691052198410034,0.6627578316815741
1.56517493724823,0.741645336151123,1.6148297786712646,0.559235692024231,1.2357897758483887,1.0216233730316162,0.38021124171160603
1.4813218116760254,0.6023332476615906,1.449660301208496,0.6792048811912537,1.34157133102417,0.6810389161109924,1.4313637641589874
1.422463297843933,0.6761362552642822,1.3987433910369873,0.5943542718887329,1.4355417490005493,0.6756336688995361,1.414973347970818
1.3243043422698975,0.6245371699333191,1.356405258178711,0.6965003609657288,1.215291976928711,0.7013483643531799,1.380211241711606
1.3148225545883179,0.6755998134613037,1.3495781421661377,0.6755571365356445,1.3666974306106567,0.6826305985450745,1.3617278360175928
1.381173849105835,0.6806164383888245,1.4677000045776367,0.6035099029541016,1.3499780893325806,0.5733979940414429,1.255272505103306
1.3861196041107178,0.664316713809967,1.3307311534881592,0.5364355444908142,1.3612103462219238,0.6361316442489624,1.2304489213782739
1.298539638519287,0.680017352104187,1.2413939237594604,0.514034628868103,1.3243610858917236,0.6881743669509888,1.2041199826559248
1.2997708320617676,0.6185909509658813,1.3152623176574707,0.633799135684967,1.2805960178375244,0.6688178181648254,1.1760912590556813
1.3086764812469482,0.5922861099243164,1.118375539779663,0.5513923764228821,1.2730460166931152,0.6004578471183777,1.041392685158225
2.9767112731933594,1.0067675113677979,2.8780722618103027,0.949670135974884,2.9066450595855713,1.0634398460388184,3.0927206446840994
2.7826614379882812,1.2622044086456299,2.4992876052856445,0.984546422958374,2.580631971359253,1.1163700819015503,3.015778756389041
3.067453384399414,1.074246883392334,2.9970293045043945,0.8755671381950378,3.0684409141540527,1.0121722221374512,2.8603380065709936
2.977588176727295,1.1151646375656128,2.9797186851501465,0.9847766160964966,2.9325461387634277,1.0650795698165894,2.7481880270062002
2.5488052368164062,0.9156706929206848,2.4200398921966553,0.6103131175041199,2.3728973865509033,1.1146126985549927,2.6434526764861874
2.658912181854248,1.0803829431533813,2.805903196334839,1.0914934873580933,2.617676258087158,0.9351823329925537,3.0170333392987803
3.1059446334838867,1.0999177694320679,2.9718356132507324,0.7850419878959656,2.9860928058624268,0.9076168537139893,3.0073209529227447
3.1584863662719727,0.8436975479125977,3.1741232872009277,0.9649655222892761,3.106989622116089,0.858041524887085,2.912753303671323
3.100595474243164,1.096250057220459,2.939358949661255,0.7763285636901855,3.0656824111938477,0.8710078597068787,2.857935264719429
2.435914993286133,0.979204535484314,2.5004940032958984,0.7572611570358276,2.5166821479797363,1.0056277513504028,2.8457180179666586
3.0750317573547363,1.1038414239883423,2.9851059913635254,1.2119866609573364,2.9839601516723633,1.013953685760498,3.0195316845312554
3.098515033721924,1.2791630029678345,3.148240566253662,0.9626296758651733,3.146935224533081,1.079641580581665,2.919601023784111
2.986387252807617,1.276986002922058,3.0750226974487305,1.1960368156433105,3.0276570320129395,1.017082929611206,2.8129133566428557
2.5718305110931396,1.2791286706924438,2.482337236404419,1.3613176345825195,2.5284788608551025,1.007642388343811,2.7693773260761385
2.7865495681762695,0.9985617995262146,2.6909866333007812,1.4846619367599487,2.753746271133423,1.1810362339019775,3.0034605321095067
1.5253201723098755,0.4867760241031647,1.4950883388519287,0.4970662295818329,1.4181150197982788,0.5294451117515564,1.0
1.4735209941864014,0.47889694571495056,1.4655240774154663,0.48336756229400635,1.4760075807571411,0.4904310703277588,0.8450980400142568
1.4645256996154785,0.5019857287406921,1.4424785375595093,0.49494317173957825,1.3446094989776611,0.5271950364112854,0.7781512503836436
1.3133457899093628,0.45832931995391846,1.3378223180770874,0.4888128638267517,1.3125075101852417,0.5071093440055847,0.7160033436347992
1.3873299360275269,0.483703076839447,1.359908103942871,0.5108368396759033,1.291710376739502,0.47936615347862244,0.6989700043360189
1.3946893215179443,0.5192232131958008,1.4567631483078003,0.49801695346832275,1.3166378736495972,0.5270635485649109,1.0
1.4082528352737427,0.5177269577980042,1.4158754348754883,0.5211883783340454,1.461899995803833,0.5125330686569214,1.0
1.635738492012024,0.5226978659629822,1.5708404779434204,0.5134701132774353,1.590193748474121,0.48652154207229614,1.0
1.7415086030960083,0.49086377024650574,1.6517465114593506,0.5206847190856934,1.5879696607589722,0.5285925269126892,1.3010299956639813
1.656860113143921,0.49186789989471436,1.7168666124343872,0.4469313323497772,1.7003754377365112,0.4752712845802307,1.3010299956639813
1.6986432075500488,0.49070096015930176,1.7146960496902466,0.49856802821159363,1.721342921257019,0.48014095425605774,1.3010299956639813
1.74654221534729,0.4969908893108368,1.8199430704116821,0.4482758939266205,1.6648119688034058,0.5181379318237305,1.3010299956639813
1.9577443599700928,0.48867687582969666,2.0175251960754395,0.5044315457344055,1.7866803407669067,0.5313413739204407,2.1760912590556813
1.940044641494751,0.48758774995803833,1.9025938510894775,0.49112096428871155,1.835288643836975,0.5147720575332642,2.041392685158225
1.71033775806427,0.515912652015686,1.7802656888961792,0.5201318264007568,1.7580223083496094,0.5271497368812561,2.041392685158225
1.9986580610275269,0.49562960863113403,2.0603082180023193,0.4485709071159363,1.9005197286605835,0.5227182507514954,2.0
1.9413607120513916,0.5177258849143982,1.878173589706421,0.5403392910957336,1.902113676071167,0.5366262197494507,3.0569048513364727
1.7408937215805054,0.5436639785766602,1.910368800163269,0.5620129704475403,1.6829965114593506,0.5415124297142029,2.9542425094393248
1.901623010635376,0.504709780216217,1.9581599235534668,0.5034586191177368,1.9206297397613525,0.49818477034568787,2.9138138523837167
1.9903366565704346,0.520996630191803,1.9536168575286865,0.5366025567054749,1.8948583602905273,0.5366007089614868,2.8750612633917
2.0304996967315674,0.9737893342971802,2.0120019912719727,1.048609972000122,1.9925483465194702,0.9858360290527344,2.971275848738105
2.0909993648529053,1.0488967895507812,2.0969669818878174,1.0211923122406006,2.06341552734375,1.0285645723342896,1.5998830720736879
1.9317512512207031,0.9894971251487732,1.0723886489868164,1.0925651788711548,1.8790991306304932,1.0263643264770508,2.8943160626844384
2.015873432159424,1.0489387512207031,0.4833366870880127,1.116734266281128,1.8952598571777344,0.9866230487823486,1.4727564493172123
1.9002001285552979,1.043426275253296,1.8463249206542969,1.0092828273773193,1.8880153894424438,1.053653597831726,2.5899496013257077
1.7510602474212646,1.045134425163269,1.8051681518554688,1.1108245849609375,1.7132045030593872,1.0218809843063354,1.4578818967339924
2.0414671897888184,0.5119389891624451,2.243469476699829,0.5119549632072449,2.1472997665405273,0.5424943566322327,2.204119982655925
1.6857064962387085,0.5684865713119507,1.723550796508789,0.5336169600486755,1.7354968786239624,0.5495713353157043,2.0791812460476247
2.0359554290771484,0.5102128386497498,1.859757661819458,0.5025923848152161,2.132373809814453,0.540446937084198,2.0569048513364727
2.284393310546875,0.49729838967323303,2.253425359725952,0.5076080560684204,2.015028238296509,0.5220070481300354,2.0
1.0669150352478027,0.6226751804351807,0.9598811864852905,0.5234957933425903,1.1750892400741577,0.5145925879478455,2.0
2.1649651527404785,0.5817436575889587,2.2084407806396484,0.5482853055000305,1.9963932037353516,0.5563361644744873,1.9777236052888478
2.027430772781372,0.527816891670227,2.262449026107788,0.506713330745697,2.170098066329956,0.49412140250205994,1.9030899869919435
1.5093708038330078,1.0176128149032593,2.143092632293701,1.0850460529327393,2.241056203842163,1.0140857696533203,1.7781512503836436
2.1034047603607178,0.5282804369926453,1.5559254884719849,0.5440862774848938,1.8369767665863037,0.5169271230697632,1.7634279935629373
2.031829357147217,0.490281879901886,2.006141185760498,0.4595394432544708,2.1598286628723145,0.49451178312301636,1.6989700043360187
1.448592185974121,0.5821470022201538,1.602547526359558,0.5431919693946838,1.54533052444458,0.6029250621795654,1.3010299956639813
2.056389570236206,0.5012869834899902,2.03068208694458,0.5074158310890198,1.82794189453125,0.505191445350647,0.6020599913279624
2.729550361633301,0.5538601279258728,2.6896002292633057,0.5391468405723572,2.983567953109741,0.5849075317382812,3.6532125137753435
2.5870652198791504,0.6205133199691772,2.8246779441833496,0.5335464477539062,2.9584197998046875,0.7169103026390076,3.5563025007672873
3.1180949211120605,0.5339118242263794,2.8141374588012695,0.5309983491897583,2.841020107269287,0.5357984304428101,3.505149978319906
2.831594467163086,0.5625894069671631,2.857611894607544,0.5766139030456543,3.055044412612915,0.5831867456436157,3.4771212547196626
3.273009777069092,0.5237796902656555,2.8771309852600098,0.5455018281936646,2.7337775230407715,0.5679664611816406,3.4471580313422194
2.9524335861206055,0.5527732372283936,3.077491283416748,0.5456498265266418,3.1433615684509277,0.6291030049324036,1.591064607026499
2.966214179992676,0.5918571352958679,3.2741892337799072,0.485081285238266,3.2500314712524414,0.5988202095031738,1.4913616938342726
3.022087335586548,0.5357858538627625,3.139192581176758,0.48660778999328613,2.844895839691162,0.7375977039337158,1.3010299956639813
3.273009777069092,0.5237796902656555,2.922816514968872,0.6544588208198547,2.9511704444885254,0.6700993776321411,1.3010299956639813
3.029783248901367,0.5046970248222351,2.7096500396728516,0.7100566029548645,2.9762496948242188,0.5799928307533264,1.0
1.6121777296066284,0.8095431923866272,1.057539701461792,0.660567045211792,1.2256739139556885,0.7866689562797546,0.7403626894942439
0.9693900942802429,0.5974215269088745,0.3913031816482544,1.1066313982009888,0.867699921131134,0.7626432776451111,0.7923916894982539
0.993910551071167,0.9136505126953125,0.6887915134429932,0.891768217086792,0.6515544056892395,1.0044546127319336,0.6627578316815741
0.6978541016578674,1.0700538158416748,0.8018620610237122,0.6517930030822754,0.8656630516052246,0.7947033643722534,0.3222192947339193
1.8493351936340332,1.4081401824951172,1.8695708513259888,1.304592251777649,1.8632832765579224,1.2292243242263794,1.9294189257142929
1.8776284456253052,1.2864065170288086,1.8722889423370361,1.2968626022338867,1.8714616298675537,1.425052523612976,1.9294189257142929
1.8495794534683228,1.408133625984192,1.8699290752410889,1.3045883178710938,1.863898515701294,1.2292194366455078,1.9294189257142929
1.9113967418670654,0.9552980065345764,1.8729524612426758,1.2968498468399048,1.8720357418060303,1.4250353574752808,1.9294189257142929
1.0699763298034668,0.4932689070701599,0.963602602481842,0.5093303322792053,0.7095651030540466,0.7792626023292542,0.7160033436347992
0.7076685428619385,0.8082204461097717,1.0086560249328613,0.4697459042072296,0.8275902271270752,0.6154756546020508,0.7781512503836436
0.672645092010498,0.8129759430885315,1.0780643224716187,0.5483595728874207,0.8551673293113708,0.559059739112854,0.8325089127062363
1.1615405082702637,0.49928244948387146,1.080378532409668,0.49510136246681213,0.826927900314331,0.6049852967262268,0.8750612633917001
0.7038922905921936,0.8142250180244446,1.072704553604126,0.5409956574440002,1.2197105884552002,0.528886616230011,0.8450980400142568
1.1209838390350342,0.47285765409469604,1.1322895288467407,0.4766567051410675,1.1928424835205078,0.5283533930778503,0.7923916894982539
0.8927388787269592,0.8290824294090271,1.0111701488494873,0.5504970550537109,0.9280713200569153,0.5749900937080383,0.7781512503836436
1.3151438236236572,0.4813118875026703,0.9094762802124023,0.8170861005783081,1.001611351966858,0.5963559746742249,0.7781512503836436
1.4089465141296387,0.4862552881240845,1.4100120067596436,0.4971485137939453,1.383335828781128,0.532310962677002,0.6989700043360189
0.8880925178527832,0.6562932729721069,1.3363653421401978,0.5116968154907227,1.0036345720291138,0.5620757937431335,0.9030899869919435
1.52646005153656,0.5271194577217102,1.2792253494262695,0.4851303994655609,1.0292760133743286,0.5998519659042358,1.041392685158225
1.3389419317245483,1.2186756134033203,1.507876992225647,1.1578751802444458,1.2235430479049683,1.103995680809021,1.4771212547196624
1.5357918739318848,1.2038171291351318,0.9896445870399475,1.0549615621566772,1.2235430479049683,1.103995680809021,0.8450980400142568
1.616300106048584,0.8069419860839844,1.613936424255371,0.8311449289321899,1.5757920742034912,0.7914778590202332,1.662757831681574
1.6777920722961426,0.8147955536842346,1.6359589099884033,0.9321341514587402,1.6275148391723633,0.7904584407806396,1.6989700043360187
1.5790461301803589,0.8679097890853882,1.6263121366500854,0.535896897315979,1.5879696607589722,0.8262682557106018,2.041392685158225
1.8257108926773071,0.9594975113868713,1.7476788759231567,0.7686559557914734,1.7560830116271973,0.8049676418304443,1.9030899869919435
1.7039369344711304,0.8548545837402344,1.74888014793396,0.8278012275695801,1.6811010837554932,0.8140292167663574,1.7403626894942439
1.8189579248428345,0.9630715250968933,1.8694069385528564,0.8560953140258789,1.7956955432891846,0.853840708732605,1.6532125137753437
1.8813753128051758,0.9544774293899536,1.8390458822250366,0.9400842785835266,1.868614912033081,0.7878966927528381,1.845098040014257
2.1566996574401855,0.9663053750991821,2.1652536392211914,0.8387603759765625,2.1055362224578857,0.8355332612991333,2.0086001717619175
1.0766410827636719,0.49930521845817566,1.2911301851272583,0.5410327911376953,1.0400440692901611,0.5945534706115723,1.0
0.6989285945892334,0.6649656295776367,0.583077073097229,0.4741799533367157,0.6141179800033569,0.5675085186958313,0.6020599913279624
1.621072769165039,0.653768002986908,1.5438897609710693,0.4731626808643341,1.640138864517212,0.7420811653137207,0.3010299956639812
1.5548148155212402,0.518947958946228,1.5558031797409058,0.4729972183704376,1.5893298387527466,0.558643102645874,0.6989700043360189
1.199950933456421,0.6911361217498779,1.245652675628662,0.7720602750778198,1.2679848670959473,0.5370503664016724,1.3010299956639813
1.6131622791290283,0.6903249025344849,1.6617772579193115,0.7626485824584961,1.5086220502853394,0.5354970097541809,1.0
0.7545688152313232,0.5284673571586609,0.6566723585128784,0.7828904390335083,0.6033010482788086,0.5505214333534241,0.6020599913279624
1.5784281492233276,0.48612552881240845,1.5831303596496582,0.5389748811721802,1.2921950817108154,0.5892295241355896,1.6989700043360187
1.470442295074463,0.4949493110179901,1.6229212284088135,0.5380668044090271,1.3311225175857544,0.5886778831481934,2.0
1.4279885292053223,0.524407684803009,1.3158135414123535,0.4760369658470154,1.3357691764831543,0.5356716513633728,1.4771212547196624
0.6834927797317505,0.49219751358032227,0.6870578527450562,0.47825348377227783,0.697805643081665,0.5652830600738525,0.8450980400142568
1.6749728918075562,0.4851064383983612,1.6081690788269043,0.48684731125831604,1.778729796409607,0.7431457042694092,2.3010299956639813
1.6300159692764282,0.495352178812027,1.717301368713379,0.4879915416240692,1.511642575263977,0.5874622464179993,2.4771212547196626
1.41018807888031,0.6889612674713135,1.5761911869049072,0.5361917614936829,1.4895987510681152,0.5733770132064819,1.6989700043360187
1.0138752460479736,0.5248111486434937,0.8832066059112549,0.7857765555381775,0.855654776096344,0.5629070997238159,0.9030899869919435
2.085115909576416,0.688902735710144,2.033742666244507,0.4737960994243622,1.7866519689559937,0.5878986120223999,2.7781512503836434
1.053161382675171,0.6975269317626953,1.2419791221618652,0.5323679447174072,1.175304889678955,0.5594469308853149,1.0
1.2265020608901978,1.098276972770691,1.519630789756775,1.1903612613677979,1.5156445503234863,1.1224666833877563,0.724275869600789
1.3833988904953003,1.360824704170227,1.4564915895462036,1.381799340248108,1.4173228740692139,1.0656867027282715,0.8363241157067517
2.0340139865875244,1.1414850950241089,1.697585105895996,1.145721435546875,1.409202218055725,1.0431671142578125,0.7745169657285496
1.4807977676391602,1.0832915306091309,1.5092374086380005,1.0029444694519043,1.41061270236969,1.1412930488586426,0.5786392099680724
-0.18078136444091797,0.514254093170166,-0.06480264663696289,0.4705865979194641,-0.18081915378570557,0.5248265266418457,0.3222192947339193
-0.3099578619003296,0.6188377737998962,-0.26249969005584717,0.507519543170929,-0.13831377029418945,0.5357620120048523,0.31806333496276157
-0.19231772422790527,0.5272061824798584,-0.2321925163269043,0.5671858787536621,-0.22403168678283691,0.5399549007415771,0.3010299956639812
-0.08080744743347168,0.5239363312721252,-0.10173237323760986,0.5591192841529846,-0.08021092414855957,0.5239725112915039,0.3010299956639812
-0.14454901218414307,0.645679235458374,-0.128814697265625,0.5338565111160278,-0.03799259662628174,0.5370806455612183,0.2764618041732441
-0.13049912452697754,0.5348333716392517,-0.06227004528045654,0.5423063635826111,-0.0478290319442749,0.5528247952461243,0.25527250510330607
0.10530722141265869,0.549125075340271,0.08885729312896729,0.5297769904136658,0.18047308921813965,0.5980642437934875,0.3010299956639812
0.004198551177978516,0.7309045791625977,-0.07091474533081055,0.5306810736656189,-0.017103910446166992,0.6625807285308838,0.25527250510330607
-0.023429274559020996,0.5379163026809692,0.018175721168518066,0.5831189155578613,-0.008062481880187988,0.6112759709358215,0.20411998265592482
-0.06149137020111084,0.5340926647186279,0.09837055206298828,0.5554813146591187,0.2961925268173218,0.6095737814903259,0.36172783601759284
0.06176185607910156,0.6277379989624023,0.03413128852844238,0.6517399549484253,-0.0849599838256836,0.642182469367981,0.3222192947339193
0.14186465740203857,0.602608859539032,-0.018517255783081055,0.5869035720825195,-0.04717695713043213,0.5397488474845886,0.28330122870354957
0.026843786239624023,0.5240493416786194,-0.0310744047164917,0.5185922384262085,0.0016542673110961914,0.5429398417472839,0.38021124171160603
0.040319085121154785,0.5297144055366516,-0.011452317237854004,0.5134257674217224,0.09063327312469482,0.5417163968086243,0.3424226808222063
-0.19622862339019775,0.6147915124893188,-0.10277950763702393,0.5339778065681458,-0.13174736499786377,0.6528119444847107,0.3222192947339193
0.06870293617248535,0.5196959972381592,0.11633217334747314,0.47310391068458557,0.07802605628967285,0.5531400442123413,0.3222192947339193
0.01696610450744629,0.5508565306663513,0.02950751781463623,0.5459815263748169,-0.003306746482849121,0.5477641224861145,0.2787536009528289
0.07625699043273926,0.5604163408279419,-0.08131301403045654,0.5009561777114868,-0.055397748947143555,0.6778959035873413,0.2787536009528289
-0.05612063407897949,0.7857601046562195,-0.18994474411010742,0.5479559302330017,-0.030571937561035156,0.7064887285232544,0.2787536009528289
0.01502382755279541,0.529148519039154,0.02833545207977295,0.5833821892738342,0.07056629657745361,0.5200597047805786,0.2787536009528289
-0.026589274406433105,0.570878267288208,-0.0815802812576294,0.5918994545936584,0.2548975944519043,0.5732709765434265,0.26951294421791633
0.2895129919052124,0.521774411201477,0.23466122150421143,0.5131536722183228,0.28138458728790283,0.5283336043357849,0.3222192947339193
0.08514821529388428,0.6077598929405212,0.17817091941833496,0.535706102848053,0.24237239360809326,0.6331955194473267,0.2576785748691845
0.17170631885528564,0.5177131295204163,0.22500288486480713,0.4692196249961853,0.3198047876358032,0.5366812348365784,0.23552844690754893
0.3916131258010864,0.565903902053833,0.4712942838668823,0.5544086694717407,0.33932197093963623,0.5591385364532471,0.23552844690754893
0.27911102771759033,0.5434226989746094,0.338778018951416,0.5395578742027283,0.35614705085754395,0.5283520221710205,0.2304489213782739
0.3511587381362915,0.5843338966369629,0.2825835943222046,0.6774259209632874,0.35554659366607666,0.5412855744361877,0.20411998265592482
0.43772387504577637,0.5261889696121216,0.4653419256210327,0.47496849298477173,0.5330933332443237,0.5448356866836548,0.2304489213782739
0.4831259250640869,0.5165032744407654,0.5633852481842041,0.5734450221061707,0.5596270561218262,0.5481104850769043,0.2304489213782739
0.5429191589355469,0.5781229138374329,0.42329132556915283,0.6663607954978943,0.4184234142303467,0.54190593957901,0.20411998265592482
0.5934534072875977,0.5347906351089478,0.6097913980484009,0.47686243057250977,0.5892159938812256,0.5334721803665161,0.1931245983544616
0.47293591499328613,0.5586631298065186,0.6097637414932251,0.5682345032691956,0.6897234320640564,0.5733271837234497,0.18184358794477254
0.4831465482711792,0.5725933313369751,0.4680365324020386,0.6917192339897156,0.4677373170852661,0.6922870874404907,0.146128035678238
2.3543989658355713,1.0177098512649536,2.6254868507385254,1.0241529941558838,2.529780149459839,1.0174087285995483,3.566555330883055
2.5896570682525635,1.028334379196167,2.96099853515625,0.9771029949188232,2.847546339035034,1.2268847227096558,3.3991543339582164
2.6362662315368652,0.9823445081710815,2.6177992820739746,1.1110002994537354,2.682295322418213,0.971829354763031,2.2814878879400813
2.134509325027466,1.2082709074020386,2.1226470470428467,0.9709146618843079,2.137024164199829,0.9855090975761414,1.4183012913197455
0.06091201305389404,0.5653994679450989,0.1862325668334961,0.484504371881485,0.079947829246521,0.5102404356002808,0.146128035678238
0.06426870822906494,0.5701718330383301,0.19177496433258057,0.4746337831020355,0.1034318208694458,0.5664398074150085,0.25527250510330607
0.353973388671875,0.58089280128479,0.20723974704742432,0.4895629584789276,0.40755903720855713,0.5586103200912476,0.146128035678238
0.1818866729736328,0.5288811326026917,0.21373701095581055,0.48424607515335083,0.13648271560668945,0.5662646293640137,0.17609125905568124
0.25511467456817627,0.49054479598999023,0.16744983196258545,0.5221339464187622,0.22364497184753418,0.5253248810768127,0.3424226808222063
0.2208552360534668,0.5254896283149719,0.34947168827056885,0.5533148646354675,0.4413093328475952,0.5587503910064697,0.25527250510330607
0.27815794944763184,0.5030335783958435,0.2683311700820923,0.48408934473991394,0.2041335105895996,0.5655105710029602,0.2304489213782739
0.23379158973693848,0.5849444270133972,0.2542736530303955,0.5174555778503418,0.2064838409423828,0.565345823764801,0.4471580313422192
0.3088490962982178,0.5501577854156494,0.36051273345947266,0.5190631151199341,0.372406005859375,0.5662128329277039,0.38021124171160603
0.4203219413757324,0.5068245530128479,0.39606308937072754,0.32803040742874146,0.4181962013244629,0.5642581582069397,0.25527250510330607
0.43757903575897217,0.49206143617630005,0.3925210237503052,0.5183526277542114,0.3600536584854126,0.5655932426452637,0.6434526764861874
0.4521535634994507,0.548220157623291,0.4748471975326538,0.5173099040985107,0.4285252094268799,0.5157613158226013,0.6434526764861874
0.6007602214813232,0.5856130719184875,0.5975466966629028,0.5271556377410889,0.6459892392158508,0.5705468654632568,0.3424226808222063
0.5291517972946167,0.5699654221534729,0.6260526180267334,0.5683421492576599,0.5892465114593506,0.5697541236877441,0.7923916894982539
0.7245234251022339,0.5186983942985535,0.7038941383361816,0.4800804555416107,0.6789811849594116,0.5209617018699646,0.7634279935629373
0.7829669713973999,0.5743220448493958,0.8095345497131348,0.5026565790176392,0.6693297624588013,0.5936294198036194,0.38021124171160603
0.7894846796989441,0.5614287257194519,0.8152322173118591,0.503611147403717,0.8718279004096985,0.5534949898719788,0.8325089127062363
1.0241698026657104,0.6281142830848694,0.9368892312049866,0.5807121992111206,0.8168290853500366,0.5846578478813171,0.8325089127062363
0.9859678149223328,0.5890836119651794,0.9125442504882812,0.5968474745750427,0.9206309914588928,0.5904977321624756,0.47712125471966244
1.0693914890289307,0.5430383086204529,1.0040969848632812,0.603378176689148,1.0505512952804565,0.6156826019287109,0.8573324964312685
1.154765009880066,0.5556849241256714,1.0237483978271484,0.5824887156486511,1.1586509943008423,0.582438588142395,0.9030899869919435
1.8801862001419067,0.5074611306190491,1.6694107055664062,0.5233492851257324,1.498192548751831,0.5213846564292908,1.3010299956639813
1.760227084159851,0.5053304433822632,1.7596851587295532,0.5115724802017212,1.8944426774978638,0.5197034478187561,1.4771212547196624
1.665241003036499,0.5321452021598816,1.6054069995880127,0.5190638303756714,1.60178804397583,0.5185916423797607,1.6020599913279625
1.7698944807052612,0.5319324135780334,1.730696439743042,0.4611901342868805,2.0714352130889893,0.5200257897377014,1.7781512503836436
1.6043089628219604,0.6138020157814026,1.6323542594909668,0.6513962745666504,1.457698941230774,0.6970906853675842,1.3010299956639813
1.6971440315246582,0.7267805337905884,1.7211092710494995,0.6515224575996399,1.8058611154556274,0.5934478640556335,1.6020599913279625
2.2635910511016846,0.5094811320304871,2.051292657852173,0.5293114185333252,2.083360195159912,0.5095207095146179,2.0791812460476247
2.0455236434936523,0.587554395198822,1.768903374671936,0.5163431763648987,1.9751216173171997,0.5945079922676086,1.7781512503836436
2.1990206241607666,0.5380726456642151,2.305718421936035,0.542969822883606,2.203965902328491,0.5142348408699036,2.0644579892269186
2.0322186946868896,0.7120493650436401,1.961619257926941,0.5976172089576721,1.8574390411376953,0.6979921460151672,1.9777236052888478
2.3766098022460938,0.5619869232177734,1.922330379486084,0.5840523838996887,2.245262861251831,0.5513161420822144,2.342422680822206
1.753334403038025,0.6646758913993835,1.8465635776519775,0.6718240976333618,1.8063533306121826,0.7111736536026001,2.146128035678238
1.4963048696517944,0.8265824317932129,1.4491369724273682,0.8778849840164185,1.404024362564087,0.8571904301643372,0.6020599913279624
1.2170225381851196,0.7803215384483337,1.0830497741699219,0.7322599291801453,1.2136896848678589,0.9726354479789734,0.6989700043360189
1.106061339378357,1.0220918655395508,1.1379938125610352,0.7339494824409485,1.4552510976791382,0.8835440874099731,1.0
1.7340853214263916,0.8233329057693481,1.5798161029815674,0.8551819324493408,1.6128919124603271,0.8828845620155334,1.4771212547196624
3.235346794128418,1.3218668699264526,2.7125942707061768,1.114050269126892,2.754194736480713,0.9701137542724609,2.0
1.9082177877426147,0.7759807109832764,1.6120030879974365,0.7579317688941956,2.0096073150634766,0.9659695029258728,2.7781512503836434
1.9388608932495117,0.7675282955169678,1.6061630249023438,0.7359607815742493,2.251743793487549,0.9479361176490784,2.3010299956639813
2.05466628074646,1.0094486474990845,1.492856502532959,0.7464476823806763,1.9291136264801025,0.9431880116462708,3.0
0.27592015266418457,0.7141211032867432,0.28235089778900146,0.5894439816474915,0.3804110288619995,0.7562820315361023,0.42324587393680785
0.2133406400680542,0.6205527782440186,0.1833409070968628,0.6250515580177307,0.26902174949645996,0.5507659912109375,0.42324587393680785
0.3808152675628662,0.7282188534736633,0.45588886737823486,0.4797501862049103,0.3745943307876587,0.6728745102882385,0.414973347970818
0.5622767210006714,0.5790667533874512,0.5752229690551758,0.6561996340751648,0.28330838680267334,0.5299578905105591,0.38021124171160603
0.41306042671203613,0.6994690895080566,0.35316216945648193,0.49361082911491394,0.3729459047317505,0.5613982677459717,0.22010808804005508
0.3144056797027588,0.7063490152359009,0.37111806869506836,0.5967527031898499,0.3016035556793213,0.7983685731887817,0.39093510710337914
0.30894994735717773,0.6779502034187317,0.5238341093063354,0.5868024230003357,0.4423924684524536,0.6663634777069092,0.38021124171160603
0.42463386058807373,0.7212439179420471,0.2568720579147339,0.6043914556503296,0.3726731538772583,0.7598185539245605,0.38021124171160603
0.25964438915252686,0.7011877298355103,0.26445698738098145,0.7089569568634033,0.13972771167755127,0.5793853998184204,0.37106786227173627
0.41357648372650146,0.5681951642036438,0.7397507429122925,0.4812251627445221,0.3065979480743408,0.5658283829689026,0.3222192947339193
0.29768359661102295,0.6692944765090942,0.3846874237060547,0.6140609383583069,0.3393430709838867,0.6754085421562195,0.31175386105575426
0.5485877990722656,0.656495213508606,0.6311407089233398,0.5775278806686401,0.547539234161377,0.549280047416687,0.3010299956639812
0.2669670581817627,0.5959390997886658,0.3364454507827759,0.5904487371444702,0.27783358097076416,0.5751528143882751,0.2787536009528289
0.253581166267395,0.6409160494804382,0.3878864049911499,0.6042500734329224,0.4776874780654907,0.6457992792129517,0.2787536009528289
0.7925434112548828,0.6345750093460083,0.8096899390220642,0.475929319858551,0.7595164179801941,0.6591717600822449,0.2787536009528289
0.7758333086967468,0.6570605039596558,0.7806060910224915,0.5822083950042725,0.6588447093963623,0.6992467045783997,0.2304489213782739
0.0961679220199585,0.6267533898353577,0.44282102584838867,0.6336432695388794,0.28982269763946533,0.7800455093383789,0.21748394421390624
0.41383612155914307,0.7026187777519226,0.3176558017730713,0.7054968476295471,0.33089983463287354,0.7956739664077759,0.20411998265592482
0.45553719997406006,0.7069507241249084,0.20228374004364014,0.6998845338821411,0.35071122646331787,0.6743445992469788,0.20411998265592482
-0.0819023847579956,0.6191402077674866,0.3577836751937866,0.702682614326477,0.3344622850418091,0.6659764647483826,0.1903316981702915
2.6734695434570312,0.9479330778121948,2.6803030967712402,0.9477605223655701,2.630363941192627,0.8524622321128845,3.4313637641589874
2.5741770267486572,0.6595021486282349,2.3701491355895996,0.6642820835113525,2.138073444366455,0.5729708671569824,3.230448921378274
1.9176608324050903,0.6629814505577087,1.9236743450164795,0.7071252465248108,2.0795693397521973,0.6009799242019653,3.113943352306837
2.4675309658050537,0.7492924332618713,2.31730580329895,0.9891931414604187,2.5542051792144775,0.7571696043014526,2.380211241711606
1.9325244426727295,0.6480403542518616,2.033022880554199,0.6638001203536987,2.209399938583374,0.5731005668640137,2.146128035678238
2.018533706665039,0.5995197892189026,1.9265085458755493,0.5898687243461609,1.8440021276474,0.9104556441307068,1.845098040014257
2.070915460586548,0.8539280295372009,1.9226540327072144,0.9695719480514526,1.9474339485168457,0.9612681269645691,1.4771212547196624
1.5424638986587524,0.6618317365646362,1.5611470937728882,0.6140918135643005,1.5552059412002563,0.6178054809570312,1.3424226808222062
1.4237245321273804,0.8377678990364075,1.060075283050537,0.6795385479927063,1.2875754833221436,0.6761719584465027,1.255272505103306
2.690516710281372,0.886856734752655,2.7753710746765137,0.9762673377990723,2.948984146118164,0.9410367608070374,3.3010299956639813
2.412167549133301,0.610853374004364,2.4802002906799316,0.6422533392906189,2.605988025665283,0.589598536491394,3.1903316981702914
2.4638278484344482,0.5945063829421997,2.333233594894409,0.5911494493484497,2.16028094291687,0.8980798125267029,3.041392685158225
2.6343984603881836,0.8774315118789673,2.984652519226074,0.7420517802238464,2.537126064300537,0.944054365158081,2.230448921378274
2.1726925373077393,0.6681573390960693,2.1431281566619873,0.6451425552368164,2.110999584197998,0.5623177289962769,2.0
2.0539894104003906,0.8287251591682434,2.0955605506896973,0.7736115455627441,1.8118220567703247,0.8795737624168396,1.7403626894942439
1.8825668096542358,0.9099937081336975,1.927025556564331,0.919810950756073,1.9398287534713745,0.9391484260559082,1.380211241711606
1.735864520072937,0.5540996789932251,1.7029720544815063,0.5149394869804382,1.5302433967590332,0.5582112073898315,1.2787536009528289
1.4352099895477295,0.8442466259002686,1.2696853876113892,0.6924326419830322,1.6074541807174683,0.5867617726325989,1.2041199826559248
1.1693665981292725,0.9403662085533142,0.5281069278717041,1.058167576789856,1.4253007173538208,0.8985558152198792,0.7993405494535817
1.9606070518493652,0.9402982592582703,1.3902851343154907,0.6771299242973328,1.4528993368148804,1.1169432401657104,0.8061799739838872
2.5544440746307373,0.9220234751701355,2.199535846710205,0.9091352224349976,2.0392556190490723,0.926264226436615,1.1367205671564067
0.9490393996238708,1.1668235063552856,1.1184842586517334,1.0997668504714966,1.398000717163086,1.0734333992004395,2.8573324964312685
-0.20522499084472656,1.018211841583252,0.11354601383209229,1.020249843597412,-0.08992218971252441,1.0066596269607544,0.6627578316815741
0.005035042762756348,1.1180330514907837,0.3402581214904785,1.1052731275558472,0.29295527935028076,0.7465060949325562,-0.22914798835785583
0.43552184104919434,1.052855372428894,0.6323941946029663,1.060605764389038,0.7461075782775879,1.0591111183166504,0.7923916894982539
0.5411770343780518,1.1455646753311157,1.0437692403793335,0.8911705613136292,1.118393898010254,1.1468067169189453,0.3424226808222063
0.6441243886947632,1.0144282579421997,0.6167894601821899,0.9575592875480652,0.3531147241592407,0.986338198184967,0.5185139398778874
0.7619650959968567,1.0529240369796753,0.7551150918006897,1.1155829429626465,0.928848922252655,1.135347604751587,0.04139268515822507
0.7551020383834839,0.9962356090545654,1.249151349067688,0.9902306795120239,1.1899824142456055,0.8932982087135315,0.9493900066449128
0.561922550201416,1.2066676616668701,1.1103264093399048,1.1491426229476929,0.9185000658035278,0.9933332800865173,1.6989700043360187
-0.19812750816345215,0.9791263341903687,-0.12048864364624023,0.9309023022651672,0.040781259536743164,0.9474363327026367,0.20411998265592482
-0.19195342063903809,1.0532331466674805,0.029817819595336914,0.8200412392616272,0.0892099142074585,0.9966727495193481,0.0
0.4945482015609741,0.9524863362312317,0.44019436836242676,0.7865227460861206,0.6010324954986572,0.9863300323486328,0.25527250510330607
0.6640490889549255,0.9526662230491638,0.530991792678833,1.0194616317749023,0.5795011520385742,1.081883430480957,0.414973347970818
-0.7107114791870117,0.9515610933303833,-0.9917181730270386,1.111197590827942,-0.8366175889968872,0.9742978811264038,-0.3010299956639812
0.22146260738372803,0.9836157560348511,0.11561334133148193,0.9099635481834412,0.473305344581604,0.991563618183136,-0.431798275933005
0.34377729892730713,1.0607361793518066,0.34567737579345703,0.9353229999542236,0.4517483711242676,1.114742398262024,-0.5228787452803376
0.3243337869644165,1.0765814781188965,0.7187685370445251,0.8666542768478394,0.5766537189483643,0.9937487840652466,0.414973347970818
3.71468186378479,1.0781323909759521,3.706982135772705,1.2529981136322021,3.731631278991699,0.961003303527832,2.2648178230095364
3.328174114227295,1.323324203491211,3.288356304168701,1.0612924098968506,3.3212642669677734,1.1109007596969604,3.719082573901486
2.8159329891204834,1.2153607606887817,2.9443812370300293,1.2902671098709106,2.9082188606262207,1.1950743198394775,4.218902950862829
3.0074191093444824,0.5160694718360901,3.046562433242798,0.5139296650886536,3.2332165241241455,0.46578148007392883,3.655234507034294
2.9985480308532715,0.45182594656944275,3.0007760524749756,0.47299522161483765,2.918612003326416,0.48244160413742065,3.439332693830263
2.8419363498687744,0.48160824179649353,2.839974880218506,0.46645641326904297,2.9557857513427734,0.4822703003883362,3.4933186082321015
3.306826114654541,0.46354344487190247,3.2676496505737305,0.44604426622390747,3.0749802589416504,0.5114974975585938,3.7673785241141804
2.9136147499084473,0.48307839035987854,3.0119528770446777,0.44265154004096985,3.0294189453125,0.4584487974643707,3.554489160003819
2.9554662704467773,0.5082499980926514,3.0464558601379395,0.4737025201320648,3.1702756881713867,0.46797358989715576,3.4000196350651586
3.540775775909424,0.46885183453559875,3.6458892822265625,0.4863056540489197,3.471855640411377,0.473432719707489,3.6624745037503095
3.179372787475586,0.46804407238960266,3.187082290649414,0.4738846719264984,2.950268268585205,0.5089560151100159,3.2942457161381182
3.1809959411621094,0.46874672174453735,3.242666721343994,0.47600725293159485,3.1646690368652344,0.4642120599746704,3.4631461367263494
3.2763829231262207,0.46216073632240295,3.0655364990234375,0.477462500333786,3.17142915725708,0.47585374116897583,3.5296869537729165
3.058276891708374,0.4953325092792511,3.2445578575134277,0.4818730056285858,3.164367198944092,0.4809480607509613,3.5224442335063197
3.0557961463928223,0.49623942375183105,3.062455415725708,0.4802512228488922,2.9198479652404785,0.5132019519805908,3.374198257929083
3.27130389213562,0.467355877161026,3.152867078781128,0.4465276002883911,2.9134116172790527,0.5141703486442566,3.5358002908248976
3.4846925735473633,0.48245465755462646,3.4246349334716797,0.49498042464256287,3.262723922729492,0.5072894096374512,3.5599066250361124
3.52117919921875,0.508451521396637,3.284773826599121,0.494529128074646,3.0342109203338623,0.5355562567710876,3.4410664066392633
0.22620797157287598,0.5620594024658203,0.3155350685119629,0.5314596891403198,0.3349407911300659,0.6086729168891907,-0.09691001300805639
0.33033716678619385,0.5794979929924011,0.33159446716308594,0.5064389705657959,0.26257991790771484,0.5826862454414368,0.0
-0.01640903949737549,0.5939779281616211,0.25112152099609375,0.48352935910224915,0.32738471031188965,0.5863933563232422,0.04139268515822507
0.3354305028915405,0.559154748916626,0.1679368019104004,0.5307362079620361,0.16330111026763916,0.5153440237045288,0.3010299956639812
0.3560829162597656,0.5791115164756775,0.3188512325286865,0.5353544354438782,0.32294178009033203,0.5627674460411072,0.47712125471966244
0.4010355472564697,0.587033748626709,0.4339916706085205,0.4614114463329315,0.342678427696228,0.5882594585418701,0.6020599913279624
0.2645152807235718,0.527869701385498,0.35928261280059814,0.5364806652069092,0.36158156394958496,0.562619149684906,0.5563025007672873
0.288179874420166,0.5124443173408508,0.37441742420196533,0.5622676014900208,0.13203585147857666,0.5861514210700989,0.5910646070264992
0.8546185493469238,0.5768632292747498,0.8134134411811829,0.5842057466506958,0.8042174577713013,0.5761356353759766,0.9571281976768131
0.45452213287353516,0.4988136887550354,0.441786527633667,0.48996591567993164,0.5091296434402466,0.653476893901825,0.7626785637274363
-0.17447543144226074,0.5317986011505127,-0.14757704734802246,0.5096475481987,-0.16586244106292725,0.5614629983901978,0.6739419986340878
0.8529812693595886,0.6081145405769348,0.8739702701568604,0.4608420133590698,0.4869980812072754,0.5457806587219238,0.8808135922807914
1.2629588842391968,0.6532019972801208,1.3666077852249146,0.6116496920585632,1.337856411933899,0.6998416185379028,1.2105860249051565
0.8836017847061157,0.5775922536849976,0.8888065814971924,0.5175629258155823,0.8899117112159729,0.5992558002471924,0.8715729355458788
0.15372133255004883,0.5492582321166992,0.13027572631835938,0.5455409288406372,0.17952239513397217,0.5490361452102661,0.7803173121401513
0.8178420662879944,0.5847849249839783,0.9055455923080444,0.5378307700157166,0.8829908967018127,0.6094069480895996,0.8750612633917001
0.14744293689727783,0.5113283395767212,0.25725436210632324,0.5046150088310242,0.25299012660980225,0.6039972305297852,0.0
-0.2320612668991089,0.469645231962204,-0.3248922824859619,0.46143943071365356,-0.2886638641357422,0.5094716548919678,-0.22184874961635637
0.3043018579483032,0.576545000076294,0.3564823865890503,0.6324365735054016,0.3010746240615845,0.5508820414543152,-0.3010299956639812
-0.9816509485244751,0.5150711536407471,-0.9411988258361816,0.4527815878391266,-0.8798825740814209,0.520504891872406,-0.3979400086720376
0.187239408493042,0.4805200397968292,-0.03430581092834473,0.5338995456695557,0.08345901966094971,0.4981405735015869,-0.6989700043360187
-0.9006342887878418,0.5415040254592896,-0.837983250617981,0.4957902729511261,-0.8581324815750122,0.511362612247467,0.0
0.2513545751571655,0.5158092379570007,0.2036738395690918,0.49140921235084534,0.1837085485458374,0.4889776408672333,0.0
0.297898530960083,0.6086062788963318,0.13642370700836182,0.5759787559509277,0.2185688018798828,0.5620579719543457,-0.045757490560675115
-0.07970786094665527,0.5329086184501648,0.02502119541168213,0.49754875898361206,0.20534169673919678,0.5390926003456116,-0.22184874961635637
-0.3569144010543823,0.5078522562980652,-0.31496310234069824,0.4612116813659668,-0.27826738357543945,0.4640553593635559,-0.22184874961635637
0.3030639886856079,0.5157518982887268,0.27404165267944336,0.5128083825111389,0.31345152854919434,0.6018329858779907,0.3010299956639812
0.35331404209136963,0.6078745126724243,0.3142204284667969,0.5886096954345703,0.33634746074676514,0.6163510680198669,0.2304489213782739
0.06754457950592041,0.48519545793533325,0.0786367654800415,0.44831931591033936,0.2562330961227417,0.5378701686859131,0.146128035678238
-0.9147714376449585,0.513397216796875,-0.8077642917633057,0.5329581499099731,-0.8197569847106934,0.5191346406936646,-0.09691001300805639
-0.24112355709075928,0.4906976819038391,-0.25843095779418945,0.4952579140663147,-0.19916749000549316,0.5290212035179138,-0.1549019599857432
0.3464019298553467,0.5881273150444031,0.38475072383880615,0.5606939196586609,0.42398595809936523,0.6190481185913086,0.47712125471966244
0.417250394821167,0.4920499622821808,0.38036179542541504,0.5442537665367126,0.40077853202819824,0.5994932651519775,0.47712125471966244
0.12418603897094727,0.5024834871292114,0.16471731662750244,0.4484318494796753,0.14677858352661133,0.5285612344741821,0.2304489213782739
-0.0811610221862793,0.4735344648361206,-0.02804422378540039,0.48242029547691345,-0.11730945110321045,0.4982660114765167,-0.1549019599857432
-0.7269608974456787,0.5414711236953735,-0.7036879062652588,0.5334762930870056,-0.7321548461914062,0.5178884863853455,-0.22184874961635637
0.7589229941368103,0.5263851881027222,0.7488940954208374,0.5340113043785095,0.7603526711463928,0.5996482372283936,0.6020599913279624
0.7417117953300476,0.5991302132606506,0.9081932306289673,0.634949803352356,0.896038830280304,0.5606156587600708,0.43136376415898736
0.47791922092437744,0.5437637567520142,0.5434221029281616,0.5410229563713074,0.7033967971801758,0.5425832867622375,0.25527250510330607
0.28291141986846924,0.478590190410614,0.35268735885620117,0.49869927763938904,0.2914106845855713,0.5512575507164001,-0.09691001300805639
-0.34344160556793213,0.5482094883918762,-0.4421195983886719,0.4554234743118286,-0.2857520580291748,0.47979238629341125,-0.1549019599857432
