seed_6_y_pred,seed_6_y_std,seed_13_y_pred,seed_13_y_std,seed_42_y_pred,seed_42_y_std,Approx Conv (%)
47.621768951416016,10.000638961791992,42.10981369018555,9.87450885772705,50.164764404296875,9.764378547668457,89
44.429359436035156,9.829106330871582,47.4552001953125,10.199597358703613,55.07758331298828,9.945366859436035,46
25.865419387817383,10.002790451049805,32.787864685058594,10.068340301513672,27.87700080871582,10.099122047424316,7
-13.59482192993164,10.158585548400879,-17.069210052490234,9.863371849060059,-14.142047882080078,10.076109886169434,11
84.8758773803711,10.12441635131836,85.89372253417969,9.903205871582031,90.50357055664062,9.882248878479004,89
83.76708221435547,9.933709144592285,82.81059265136719,9.874241828918457,81.10401916503906,9.860132217407227,90
66.01097106933594,9.98708438873291,66.10159301757812,9.820908546447754,67.99421691894531,9.886880874633789,45
30.35886001586914,9.929871559143066,34.077232360839844,10.127248764038086,34.47268295288086,10.158991813659668,16
106.16117858886719,10.000732421875,108.63352966308594,10.121424674987793,103.42018127441406,10.061141967773438,100
99.28036499023438,9.966813087463379,97.50187683105469,9.771100997924805,95.89238739013672,9.624523162841797,98
84.4049072265625,10.003010749816895,75.88172912597656,9.739109992980957,81.1821517944336,10.160855293273926,100
48.186805725097656,10.042712211608887,47.87995147705078,10.247941970825195,49.469566345214844,10.038626670837402,26
45.44221496582031,10.115137100219727,44.72300720214844,10.262380599975586,45.43788528442383,9.781208038330078,11
34.36881637573242,9.755309104919434,40.97377395629883,9.659605979919434,48.27928161621094,10.068856239318848,15
27.843429565429688,10.037338256835938,22.20477294921875,10.184165000915527,26.58477783203125,9.997573852539062,3
-16.846046447753906,9.996133804321289,-21.302047729492188,9.891379356384277,-21.802757263183594,9.977446556091309,4
76.50518798828125,10.145984649658203,80.54448699951172,9.699552536010742,80.48941040039062,10.109389305114746,88
73.55738830566406,9.806279182434082,75.75153350830078,9.885165214538574,73.72747039794922,9.585746765136719,98
58.73897933959961,9.963957786560059,54.21356964111328,9.734195709228516,56.18743896484375,9.91688060760498,67
25.092849731445312,10.06572151184082,24.11146354675293,9.933611869812012,21.00851058959961,9.767668724060059,9
92.63479614257812,10.063563346862793,97.37550354003906,9.786069869995117,97.84291076660156,10.020151138305664,100
91.67352294921875,9.82271957397461,88.32560729980469,9.691332817077637,94.50505065917969,9.948192596435547,100
70.70060729980469,9.842175483703613,70.26536560058594,9.62415599822998,72.37816619873047,9.671248435974121,96
40.27137756347656,10.014518737792969,38.802974700927734,9.878032684326172,39.2065544128418,10.116416931152344,26
58.2852783203125,9.884387016296387,63.13570022583008,10.064934730529785,54.570457458496094,10.011470794677734,90
73.3761978149414,9.880491256713867,75.28501892089844,9.558282852172852,73.19915771484375,9.619772911071777,78
82.59841918945312,10.172998428344727,81.47731018066406,10.337997436523438,83.04721069335938,10.04607105255127,72
72.46659851074219,9.905828475952148,76.23523712158203,9.765705108642578,74.11604309082031,9.95075798034668,90
80.03707885742188,10.051745414733887,80.3863525390625,10.088068008422852,72.43238830566406,10.166457176208496,87
93.98075866699219,9.890921592712402,95.75357055664062,10.126949310302734,89.96613311767578,9.964195251464844,91
100.84931945800781,9.853006362915039,100.53579711914062,10.169833183288574,100.97270965576172,10.061567306518555,82
95.21473693847656,10.235529899597168,91.98883056640625,10.354853630065918,98.55091857910156,10.173666000366211,95
81.48159790039062,9.879843711853027,78.89945983886719,9.976631164550781,80.61325073242188,9.95057201385498,90
95.68293762207031,9.780882835388184,95.69036865234375,10.20161247253418,95.51233673095703,9.941999435424805,80
99.22148132324219,9.93057918548584,101.24615478515625,9.693534851074219,100.60740661621094,9.985455513000488,86
96.87567138671875,10.168645858764648,97.70840454101562,9.786752700805664,94.10731506347656,10.160533905029297,85
65.11299133300781,10.171672821044922,57.381690979003906,10.08523178100586,61.96061325073242,10.193245887756348,9
62.32619094848633,9.845919609069824,63.854148864746094,9.689074516296387,71.8270492553711,10.15932846069336,74
69.29652404785156,9.846176147460938,70.09210205078125,10.146668434143066,67.760498046875,9.882914543151855,75
76.15666198730469,10.211861610412598,70.48870849609375,10.26916217803955,70.38258361816406,10.167460441589355,52
70.75267791748047,10.062456130981445,72.57188415527344,10.04769515991211,69.21788787841797,9.822742462158203,74
82.87150573730469,9.848706245422363,85.80371856689453,9.87930679321289,81.37818908691406,9.975192070007324,88
90.94773864746094,10.05846118927002,87.34268188476562,10.087263107299805,85.36177062988281,9.982330322265625,97
83.09716796875,9.902287483215332,85.59126281738281,9.955224990844727,81.87188720703125,10.043013572692871,97
70.67476654052734,9.936742782592773,69.13850402832031,9.752378463745117,66.31613159179688,9.943610191345215,82
86.32652282714844,10.028312683105469,86.2186508178711,10.068449974060059,85.60052490234375,9.977585792541504,94
88.0997543334961,9.881634712219238,85.85569763183594,10.047013282775879,85.55448913574219,9.830643653869629,95
87.60063171386719,10.207056045532227,81.99663543701172,10.540215492248535,84.17350006103516,10.056474685668945,95
10.704912185668945,9.934937477111816,15.812599182128906,9.866144180297852,9.998680114746094,10.003981590270996,33
36.066078186035156,9.875411987304688,37.12528991699219,10.318809509277344,34.597503662109375,10.038529396057129,46
46.62942123413086,9.927482604980469,48.668418884277344,10.329818725585938,42.838340759277344,10.01932144165039,52
37.626609802246094,9.974854469299316,42.80310821533203,9.920559883117676,44.90573501586914,10.05367374420166,53
44.96613311767578,9.833955764770508,43.49781799316406,10.172865867614746,48.91700744628906,9.899306297302246,44
61.45796203613281,9.81074047088623,63.8414306640625,9.505261421203613,58.746429443359375,9.977622032165527,79
77.779052734375,9.922861099243164,79.70552062988281,9.755666732788086,73.39591217041016,10.14466381072998,72
73.7775650024414,10.081416130065918,78.307861328125,9.862541198730469,70.55613708496094,10.361873626708984,62
47.07793426513672,9.9562406539917,47.362640380859375,9.76240348815918,44.3413200378418,10.08537769317627,44
70.55012512207031,10.050627708435059,72.5684814453125,10.265220642089844,72.38551330566406,9.630599975585938,55
80.66569519042969,9.955825805664062,77.16606140136719,9.818341255187988,79.26580810546875,9.80142879486084,70
83.68905639648438,9.95479965209961,81.67089080810547,10.374517440795898,84.03589630126953,9.82302474975586,55
24.397613525390625,10.223172187805176,18.771404266357422,9.9326171875,18.865341186523438,10.073020935058594,2
36.25718688964844,10.022056579589844,40.7939338684082,9.509847640991211,40.586631774902344,10.04638671875,13
54.254150390625,10.193146705627441,50.08401870727539,10.183808326721191,52.07685089111328,9.776143074035645,33
49.768218994140625,10.281941413879395,43.35321807861328,10.444031715393066,43.138824462890625,10.25307846069336,38
47.449546813964844,9.8756685256958,51.098323822021484,9.880998611450195,50.10179901123047,9.869256973266602,32
63.71228790283203,9.957758903503418,68.319091796875,9.664485931396484,63.38512420654297,10.109552383422852,70
75.29125213623047,9.971144676208496,75.79386901855469,9.571735382080078,74.08087158203125,10.259963035583496,97
77.11068725585938,9.969313621520996,69.89192199707031,10.351859092712402,71.24114227294922,10.58694076538086,98
53.08485412597656,10.223132133483887,48.354087829589844,10.425500869750977,52.125083923339844,9.713988304138184,49
64.19052124023438,9.967168807983398,66.847412109375,10.200538635253906,69.87633514404297,10.069775581359863,91
82.94141387939453,10.19312858581543,79.81854248046875,9.835441589355469,79.70162963867188,10.02982234954834,94
74.44694519042969,10.020666122436523,73.56829833984375,10.45267391204834,74.15161895751953,9.96449089050293,96
10.115303039550781,10.016556739807129,9.880929946899414,9.872035026550293,9.741588592529297,10.463699340820312,18
16.29609489440918,9.742769241333008,16.67652130126953,9.578115463256836,15.606402397155762,9.869635581970215,21
18.68189239501953,10.08853530883789,16.740161895751953,10.325163841247559,16.706363677978516,9.984906196594238,23
14.250459671020508,10.192059516906738,15.064903259277344,10.408441543579102,16.5975341796875,9.712105751037598,19
18.353160858154297,10.233282089233398,19.775163650512695,10.111824989318848,20.253183364868164,10.365463256835938,20
26.167081832885742,10.04755687713623,25.403972625732422,9.969082832336426,27.942808151245117,10.253596305847168,27
25.178810119628906,9.85234260559082,27.303768157958984,9.742471694946289,29.361286163330078,10.304763793945312,24
26.292613983154297,9.961841583251953,26.16388702392578,9.733311653137207,27.271379470825195,10.310856819152832,21
26.341459274291992,9.879199028015137,26.34805679321289,9.961153030395508,27.248294830322266,9.964698791503906,21
33.193782806396484,9.848773956298828,33.66044998168945,10.184539794921875,33.803871154785156,10.056978225708008,25
34.82658004760742,10.181756973266602,35.771934509277344,9.976689338684082,34.40920639038086,10.043968200683594,27
30.817031860351562,10.052108764648438,31.877307891845703,10.098723411560059,33.524166107177734,10.002498626708984,27
22.099336624145508,9.897821426391602,23.353662490844727,9.790127754211426,20.089584350585938,10.432502746582031,2
28.31169891357422,9.963958740234375,27.521692276000977,9.6733980178833,26.837095260620117,9.791047096252441,13
28.94775390625,10.078293800354004,27.624839782714844,9.788761138916016,29.19795799255371,10.149365425109863,18
25.177459716796875,10.088088989257812,27.172969818115234,9.846248626708984,22.25118637084961,10.480634689331055,20
28.651836395263672,9.805848121643066,33.907859802246094,9.994694709777832,28.438560485839844,9.653449058532715,25
34.143096923828125,9.783944129943848,33.458091735839844,10.14435863494873,33.421485900878906,9.84444808959961,40
37.72080993652344,9.92481517791748,38.227760314941406,9.80971622467041,34.52130889892578,9.952699661254883,39
34.53543472290039,10.065893173217773,32.9851188659668,10.559422492980957,31.4311580657959,10.297551155090332,40
35.5291748046875,9.966161727905273,38.80012512207031,9.886235237121582,35.64484786987305,9.974321365356445,38
39.5072135925293,9.69687271118164,39.57432556152344,9.936575889587402,37.20195007324219,9.62119197845459,55
40.15840148925781,9.835320472717285,41.78524398803711,9.723709106445312,38.10810089111328,9.67784309387207,57
39.22035217285156,10.00936222076416,40.1972541809082,9.969439506530762,38.08001708984375,10.23288631439209,54
22.233402252197266,10.052864074707031,23.100322723388672,10.331247329711914,23.550739288330078,10.126474380493164,34
29.869314193725586,9.899545669555664,30.53294563293457,9.683134078979492,28.770055770874023,10.022083282470703,38
21.520952224731445,9.917244911193848,19.74396324157715,10.168510437011719,23.6677188873291,9.895517349243164,37
24.51420021057129,9.944132804870605,19.558780670166016,10.208728790283203,20.245288848876953,9.927594184875488,35
34.787235260009766,9.953210830688477,30.897693634033203,9.576752662658691,30.429180145263672,9.678739547729492,32
37.30455780029297,10.075532913208008,35.13094711303711,9.761077880859375,36.11484909057617,9.944723129272461,30
33.47916030883789,10.077478408813477,32.46474075317383,10.172834396362305,32.00654602050781,9.885907173156738,29
30.901155471801758,10.058979988098145,31.38825798034668,9.796586990356445,29.97037124633789,10.091744422912598,28
42.472469329833984,9.963146209716797,39.76261901855469,10.328957557678223,41.66099548339844,9.8690824508667,34
41.889366149902344,9.87736988067627,41.489620208740234,9.993084907531738,44.03218078613281,9.869404792785645,35
39.75361251831055,9.816537857055664,38.394039154052734,9.71247673034668,40.92436599731445,10.024797439575195,31
37.44439697265625,9.984610557556152,35.81244659423828,10.215865135192871,34.17896270751953,9.741202354431152,32
45.32229232788086,10.050317764282227,43.718265533447266,9.811511993408203,46.402732849121094,9.903820037841797,7
43.602294921875,9.792452812194824,41.280921936035156,9.709586143493652,41.320892333984375,10.041940689086914,23
41.96043395996094,9.862868309020996,39.21105194091797,9.556888580322266,42.98138427734375,9.90712833404541,28
35.36473083496094,9.966537475585938,38.610992431640625,9.95256519317627,37.19713592529297,10.19809341430664,34
43.926048278808594,9.909954071044922,46.35384750366211,10.00857925415039,43.76434326171875,10.037677764892578,48
49.07366943359375,9.759584426879883,47.128543853759766,9.485965728759766,42.8497314453125,9.610870361328125,49
43.21367645263672,9.921088218688965,45.89724349975586,9.81971549987793,46.584983825683594,9.865374565124512,46
41.417930603027344,9.9197998046875,43.20899200439453,9.857643127441406,39.22426223754883,9.741922378540039,52
50.013458251953125,9.927619934082031,48.85931396484375,9.666654586791992,44.86419677734375,9.818188667297363,70
51.374061584472656,9.702316284179688,51.52043533325195,9.729846954345703,47.544769287109375,9.671234130859375,74
49.892757415771484,9.922130584716797,49.49199676513672,10.026312828063965,50.15183639526367,10.061169624328613,62
48.206199645996094,10.189738273620605,47.688995361328125,9.687432289123535,51.47964096069336,10.29043197631836,53
-4.673501968383789,10.213435173034668,-5.319244384765625,10.389239311218262,-3.903289794921875,10.044397354125977,0
-2.1409053802490234,9.717779159545898,-1.7312984466552734,9.484251022338867,-0.8745803833007812,9.786998748779297,0
-1.1318740844726562,9.900308609008789,-3.3729400634765625,10.327591896057129,-3.71343994140625,9.956762313842773,0
-7.0085296630859375,10.258326530456543,-6.761817932128906,9.808563232421875,-7.3097381591796875,10.179898262023926,0
-1.5631999969482422,10.271904945373535,0.8285713195800781,9.834973335266113,0.4921283721923828,9.746424674987793,0
1.7267913818359375,10.171287536621094,2.9994335174560547,9.904801368713379,2.501527786254883,9.64460277557373,0
0.9391555786132812,9.871603012084961,0.6854820251464844,9.733901977539062,1.2122039794921875,9.684430122375488,0
-3.8982467651367188,10.238593101501465,-3.0933456420898438,9.795561790466309,-3.8663883209228516,10.100390434265137,0
4.469394683837891,10.05156135559082,3.9693565368652344,9.81668758392334,2.6349048614501953,9.865321159362793,0
5.809608459472656,10.18739128112793,6.407003402709961,10.061744689941406,5.329998016357422,9.862696647644043,0
4.278972625732422,10.150395393371582,4.347936630249023,10.230055809020996,4.622865676879883,9.81651782989502,0
1.5288162231445312,10.09274959564209,0.5030593872070312,9.625290870666504,0.08218193054199219,9.960405349731445,0
-2.133380889892578,9.86958122253418,-2.9011077880859375,10.353740692138672,-1.1272468566894531,10.060966491699219,0
1.0184307098388672,9.690712928771973,0.9744911193847656,9.968586921691895,1.257272720336914,10.002058982849121,0
-0.12912559509277344,9.869140625,-0.10384559631347656,9.560099601745605,-0.06711578369140625,9.828633308410645,0
-4.705780029296875,9.942078590393066,-4.326189041137695,9.874408721923828,-4.023405075073242,10.07164478302002,0
3.8986434936523438,9.98173999786377,1.632455825805664,9.824690818786621,2.4828433990478516,10.071627616882324,0
5.926855087280273,9.831143379211426,4.478113174438477,10.196891784667969,4.394948959350586,9.906217575073242,1
2.953367233276367,9.87576961517334,3.1967716217041016,10.258641242980957,3.207368850708008,9.801886558532715,1
-0.4908485412597656,9.821033477783203,0.117645263671875,10.317178726196289,-0.4133434295654297,10.066924095153809,0
7.452360153198242,10.154549598693848,4.907012939453125,9.92874526977539,4.766427993774414,10.037370681762695,1
5.597404479980469,9.77062702178955,7.744342803955078,9.718522071838379,8.166873931884766,9.651921272277832,1
7.842464447021484,10.018293380737305,6.684507369995117,10.031965255737305,6.8776092529296875,9.781868934631348,1
4.511810302734375,10.203234672546387,2.7105255126953125,9.982561111450195,2.5690078735351562,10.099794387817383,1
31.862321853637695,10.257591247558594,30.846874237060547,10.111270904541016,30.832849502563477,9.69530963897705,45
43.83485412597656,9.940067291259766,44.439796447753906,9.625065803527832,42.99867248535156,9.934001922607422,41
33.10399627685547,10.0531005859375,34.813934326171875,9.828113555908203,32.13725662231445,10.1701021194458,21
-4.166217803955078,10.407132148742676,-6.9774169921875,10.241299629211426,-2.494802474975586,10.250262260437012,8
69.24446868896484,9.984440803527832,67.35478210449219,9.827940940856934,67.1448745727539,10.077292442321777,60
72.716064453125,10.130107879638672,67.84262084960938,10.223936080932617,67.34752655029297,9.664477348327637,88
64.54496002197266,9.815045356750488,61.83869552612305,9.720037460327148,64.27951049804688,10.170032501220703,80
29.11762046813965,10.402791976928711,33.419883728027344,9.846396446228027,29.647544860839844,10.24612808227539,15
84.94471740722656,9.85093879699707,86.99687194824219,9.805520057678223,89.84605407714844,10.198637962341309,58
91.26829528808594,9.781146049499512,85.2320556640625,10.29117488861084,84.68417358398438,9.675682067871094,99
83.110107421875,10.077314376831055,80.27421569824219,9.921882629394531,76.86746215820312,9.709479331970215,97
44.33695602416992,10.0158052444458,49.407310485839844,10.110345840454102,48.15575408935547,10.088126182556152,39
29.804475784301758,10.235910415649414,33.92171859741211,9.908005714416504,28.491418838500977,10.013304710388184,7
38.15843963623047,10.197383880615234,41.15470886230469,9.805295944213867,38.838134765625,10.056146621704102,18
28.493024826049805,9.839262008666992,30.57371711730957,9.834306716918945,27.159557342529297,9.968317985534668,14
-9.356821060180664,10.273011207580566,-3.074909210205078,9.872201919555664,-9.074512481689453,9.904438972473145,6
61.93870544433594,9.898423194885254,60.5643310546875,10.273428916931152,62.50741958618164,9.940384864807129,61
71.44233703613281,10.20045280456543,69.45878601074219,9.966559410095215,71.26463317871094,9.774900436401367,79
59.1515998840332,9.855582237243652,57.85274887084961,9.601561546325684,59.833316802978516,10.115683555603027,64
24.42510223388672,10.069613456726074,28.04486656188965,9.879618644714355,28.60297966003418,10.23560619354248,24
79.54032897949219,9.996630668640137,77.95378112792969,10.404701232910156,73.22451782226562,10.041028022766113,92
85.87494659423828,9.806371688842773,86.68902587890625,9.712112426757812,82.72186279296875,9.970734596252441,91
78.0096664428711,9.966891288757324,75.86849975585938,10.268660545349121,77.61852264404297,9.78868579864502,81
40.548439025878906,9.989208221435547,42.972965240478516,9.95931339263916,40.094642639160156,10.267473220825195,50
7.010343551635742,10.052571296691895,5.102960586547852,9.969746589660645,7.750053405761719,10.048853874206543,28
20.034374237060547,9.743881225585938,22.226268768310547,9.714773178100586,18.66718292236328,9.691972732543945,32
10.660061836242676,10.011553764343262,11.937090873718262,10.025529861450195,13.174640655517578,9.885454177856445,30
3.74298095703125,10.148029327392578,4.655200958251953,9.899084091186523,5.468637466430664,10.334510803222656,23
29.906442642211914,10.150774002075195,26.572139739990234,10.005219459533691,35.823822021484375,9.956270217895508,30
34.60619354248047,9.962528228759766,38.46208190917969,10.173386573791504,38.919410705566406,9.78563117980957,42
32.7315673828125,9.967476844787598,33.977603912353516,10.302057266235352,34.563350677490234,9.977777481079102,37
26.505552291870117,10.040510177612305,26.6248779296875,9.881630897521973,26.68561363220215,10.209638595581055,30
42.269134521484375,10.143180847167969,48.84492874145508,10.402759552001953,47.95136260986328,10.064431190490723,37
50.57962417602539,10.030359268188477,52.090545654296875,9.571430206298828,58.016998291015625,9.948471069335938,45
53.30682373046875,9.793265342712402,50.41630172729492,10.448563575744629,56.04823303222656,9.984137535095215,43
45.002662658691406,9.979527473449707,47.85919952392578,10.189826965332031,41.82201385498047,9.773913383483887,35
38.78355407714844,10.075984001159668,42.421539306640625,9.765073776245117,39.84368896484375,9.88955307006836,2
42.161983489990234,9.755775451660156,45.3031005859375,9.725536346435547,44.018367767333984,9.951940536499023,17
39.755043029785156,9.996743202209473,47.718231201171875,9.745609283447266,43.451026916503906,9.949735641479492,1
30.100540161132812,10.18095588684082,38.83448028564453,9.950418472290039,29.11829376220703,10.36958122253418,25
60.854862213134766,10.078289031982422,57.555870056152344,9.825547218322754,60.095619201660156,10.018500328063965,37
60.74003982543945,9.84579086303711,58.84930419921875,10.017399787902832,63.191200256347656,9.774325370788574,67
59.08915710449219,9.942134857177734,54.259788513183594,10.085393905639648,58.81386184692383,10.025486946105957,60
52.83434295654297,10.071081161499023,55.1974983215332,9.851679801940918,47.26940155029297,10.079496383666992,46
66.94609069824219,10.059455871582031,68.15453338623047,10.060746192932129,72.34979248046875,9.916633605957031,73
74.15143585205078,9.940879821777344,71.70890808105469,9.779500007629395,71.67438507080078,9.962411880493164,98
72.88825988769531,9.990361213684082,70.93399047851562,10.294717788696289,70.45834350585938,9.710577011108398,97
63.958553314208984,9.994531631469727,68.69892883300781,9.866141319274902,62.31023406982422,10.121077537536621,90
1.2025222778320312,9.778962135314941,2.19317626953125,10.216318130493164,2.2919654846191406,10.298433303833008,4
8.553611755371094,10.145990371704102,8.268285751342773,10.007381439208984,7.830717086791992,10.037031173706055,0
9.864694595336914,10.225924491882324,6.147064208984375,9.817646980285645,5.583423614501953,10.000356674194336,2
3.3899173736572266,9.943161964416504,2.2744579315185547,9.876636505126953,2.626880645751953,9.747238159179688,1
12.53164005279541,9.874605178833008,12.375733375549316,9.777860641479492,11.939229965209961,10.356167793273926,13
17.784067153930664,10.010910987854004,16.84011459350586,9.523237228393555,15.966979026794434,9.89145565032959,19
16.923133850097656,9.875414848327637,19.97762107849121,10.000080108642578,20.367191314697266,9.829085350036621,13
12.53887939453125,10.008296012878418,12.429206848144531,9.939787864685059,12.297473907470703,10.303142547607422,2
26.8365421295166,9.944952964782715,28.721548080444336,10.076611518859863,27.09088706970215,9.804159164428711,19
32.78337097167969,9.764116287231445,31.612619400024414,9.521417617797852,32.142791748046875,9.74260139465332,41
31.170269012451172,9.899516105651855,31.334672927856445,10.203245162963867,33.25319290161133,10.019515991210938,44
29.482948303222656,9.970767974853516,29.531354904174805,9.898045539855957,28.942554473876953,9.729348182678223,23
-4.191295623779297,10.140018463134766,-5.183189392089844,10.210668563842773,-4.3263092041015625,10.470640182495117,0
0.38916015625,9.796317100524902,0.33776283264160156,9.732856750488281,0.5975551605224609,9.737602233886719,1
4.718435287475586,10.178705215454102,1.9444236755371094,10.079471588134766,0.8634757995605469,9.807116508483887,0
-4.933193206787109,10.010994911193848,-3.452472686767578,10.092793464660645,-4.908823013305664,10.203266143798828,1
7.046527862548828,9.932043075561523,5.473808288574219,10.098267555236816,5.320981979370117,10.618367195129395,8
12.273016929626465,9.684309005737305,12.734707832336426,10.080322265625,10.859535217285156,10.329618453979492,13
13.502616882324219,9.794075965881348,12.601211547851562,10.049102783203125,11.365437507629395,10.247833251953125,18
7.053812026977539,10.052811622619629,8.010658264160156,9.671899795532227,5.67930793762207,10.415642738342285,2
21.104999542236328,9.883195877075195,24.698104858398438,9.926331520080566,20.45988655090332,10.494329452514648,13
28.808231353759766,10.048972129821777,27.295347213745117,10.165702819824219,25.9985294342041,10.208779335021973,28
24.163047790527344,9.923492431640625,25.496713638305664,9.786874771118164,25.763710021972656,9.79249382019043,40
17.982868194580078,10.005380630493164,18.29550552368164,9.921502113342285,20.818437576293945,10.36803913116455,37
0.7516250610351562,10.253973960876465,2.763721466064453,9.923150062561035,2.139202117919922,10.000669479370117,3
8.41942024230957,9.894246101379395,10.118188858032227,10.218592643737793,8.492412567138672,9.809245109558105,4
9.30361557006836,10.104114532470703,11.075608253479004,9.982017517089844,7.915082931518555,10.08149242401123,1
-1.1418590545654297,10.12999153137207,3.571298599243164,10.143473625183105,2.358541488647461,10.09880542755127,1
14.383414268493652,9.918325424194336,12.969942092895508,10.063114166259766,12.268060684204102,10.145620346069336,15
19.970090866088867,9.89814567565918,18.05158233642578,9.693753242492676,20.526716232299805,9.627557754516602,16
17.733427047729492,9.933387756347656,22.892969131469727,9.782257080078125,20.780742645263672,9.699196815490723,10
10.988532066345215,9.950934410095215,13.158185958862305,9.693878173828125,15.272330284118652,10.123470306396484,2
34.08353042602539,9.91504955291748,35.59661865234375,9.808709144592285,29.251319885253906,10.223852157592773,25
35.36133575439453,9.744900703430176,37.06103515625,9.7162504196167,33.33969497680664,10.327302932739258,48
34.678199768066406,10.080114364624023,38.00053405761719,10.051993370056152,33.053932189941406,10.27226448059082,40
32.6460075378418,10.380402565002441,32.483612060546875,10.227745056152344,30.93065071105957,10.237255096435547,20
-0.7108573913574219,10.083321571350098,-2.4614734649658203,9.761666297912598,-1.9063148498535156,9.737446784973145,1
3.6418724060058594,10.092846870422363,3.507007598876953,10.183721542358398,3.1215133666992188,10.127824783325195,1
3.3540267944335938,9.99624252319336,0.6251850128173828,9.65996265411377,1.8739452362060547,9.868985176086426,10
-7.228385925292969,10.212343215942383,-2.4162330627441406,10.080647468566895,-3.029417037963867,10.257840156555176,1
8.309524536132812,9.763794898986816,7.923666000366211,10.269020080566406,9.146318435668945,10.116983413696289,15
14.38991641998291,10.129219055175781,13.168533325195312,10.14305305480957,13.234603881835938,10.052770614624023,16
14.928902626037598,10.261016845703125,13.042071342468262,10.222816467285156,12.492246627807617,10.056548118591309,16
9.010137557983398,9.898628234863281,9.40121841430664,10.108070373535156,10.256978988647461,10.365697860717773,3
28.955270767211914,9.9075288772583,31.357162475585938,9.861577033996582,27.654191970825195,9.794387817382812,19
31.734622955322266,9.96806526184082,31.86687660217285,9.690747261047363,29.38421058654785,10.296286582946777,36
29.900615692138672,10.069377899169922,30.967334747314453,9.705289840698242,33.570648193359375,9.757933616638184,41
20.671228408813477,9.988972663879395,21.1489315032959,10.438582420349121,26.54818344116211,10.280193328857422,44
-0.7538681030273438,9.919920921325684,-0.939117431640625,10.222864151000977,-1.2008495330810547,10.255535125732422,0
0.35311317443847656,9.790080070495605,0.3535575866699219,9.636031150817871,0.11083793640136719,10.055906295776367,0
-0.5496139526367188,9.886276245117188,-0.5905628204345703,10.148469924926758,-0.7779312133789062,10.014752388000488,0
-0.6104812622070312,9.865358352661133,-0.7179775238037109,10.432384490966797,-0.9073410034179688,10.189887046813965,0
-0.016973495483398438,10.00557804107666,-0.2503166198730469,10.343718528747559,-0.1680889129638672,10.078051567077637,0
0.7902622222900391,9.822781562805176,0.8409080505371094,9.665014266967773,0.9609909057617188,9.646843910217285,0
0.14801406860351562,10.190241813659668,0.1611175537109375,10.154644966125488,0.22832489013671875,10.109236717224121,0
-0.08225440979003906,9.899467468261719,-0.05256462097167969,9.749189376831055,-0.02747344970703125,10.101648330688477,0
0.1952972412109375,9.958928108215332,0.30086326599121094,9.630702018737793,0.13275527954101562,10.166305541992188,0
1.1386890411376953,9.785923957824707,1.1624565124511719,9.98609447479248,1.428506851196289,9.803389549255371,1
0.46021461486816406,10.143522262573242,0.5543880462646484,10.292510986328125,0.5308570861816406,10.074227333068848,0
0.42159271240234375,10.23758316040039,0.2058582305908203,9.823498725891113,0.18378448486328125,9.978782653808594,0
-1.0093803405761719,10.088074684143066,-0.9646511077880859,10.180989265441895,-1.227884292602539,9.989031791687012,0
0.062366485595703125,9.954007148742676,0.1317920684814453,10.244362831115723,0.18809127807617188,9.934778213500977,0
-0.5494060516357422,10.049345970153809,-0.6102085113525391,9.777670860290527,-0.8101634979248047,10.06030559539795,0
-1.060293197631836,10.127463340759277,-0.92987060546875,10.426541328430176,-0.9258079528808594,9.804272651672363,0
-0.35108375549316406,9.885063171386719,-0.46217918395996094,10.423728942871094,-0.2530994415283203,10.204790115356445,0
0.8338088989257812,9.708415031433105,0.9321079254150391,10.075923919677734,0.788818359375,9.92187213897705,0
0.11665153503417969,10.185372352600098,-0.15453720092773438,9.565505027770996,0.10633277893066406,10.10048770904541,0
-0.4923114776611328,10.085561752319336,-0.2137279510498047,9.80616569519043,-0.22137069702148438,10.108906745910645,0
0.06415939331054688,9.772821426391602,0.0018939971923828125,9.785624504089355,0.04374504089355469,10.221543312072754,0
1.2715072631835938,9.959033012390137,1.3122520446777344,9.580594062805176,1.431661605834961,9.818181991577148,0
0.42904090881347656,10.249276161193848,0.34246826171875,10.28536605834961,0.4795722961425781,10.14508056640625,0
0.16551780700683594,9.936416625976562,0.13713836669921875,10.140362739562988,0.1460113525390625,10.15886402130127,0
-1.335958480834961,10.110017776489258,-1.4807586669921875,9.891270637512207,-1.447488784790039,9.962204933166504,0
-0.001689910888671875,9.888984680175781,0.1102294921875,9.785701751708984,0.3143959045410156,9.992752075195312,0
-0.6849384307861328,9.935969352722168,-0.6735782623291016,9.943052291870117,-0.6144027709960938,9.905547142028809,0
-0.9258289337158203,10.135075569152832,-0.9760875701904297,10.117764472961426,-1.19134521484375,10.275378227233887,0
-0.41727256774902344,10.005782127380371,-0.44470787048339844,9.911395072937012,-0.46491241455078125,9.94781494140625,0
1.41693115234375,9.84445858001709,1.2159881591796875,9.75748062133789,2.073759078979492,9.944674491882324,0
0.5582523345947266,10.130061149597168,0.2262401580810547,9.834179878234863,1.2695751190185547,9.975382804870605,0
0.19708251953125,10.243268013000488,0.1793689727783203,9.836419105529785,0.09962654113769531,9.808801651000977,0
-0.32273292541503906,10.074281692504883,-0.0830078125,9.845503807067871,-0.2700977325439453,9.942983627319336,0
1.6190528869628906,9.855531692504883,1.265207290649414,9.749317169189453,1.9902477264404297,9.872580528259277,0
0.3886985778808594,9.998722076416016,0.3017406463623047,9.672796249389648,0.4014892578125,9.736254692077637,1
0.2915687561035156,10.184626579284668,0.3575878143310547,9.996062278747559,0.5643196105957031,10.192422866821289,0
-1.5909957885742188,9.953774452209473,-1.5655765533447266,10.144211769104004,-1.994344711303711,9.993670463562012,0
-0.17987442016601562,9.885926246643066,0.5671787261962891,9.616415023803711,0.07696533203125,9.670755386352539,0
-0.8965606689453125,10.051673889160156,-0.7432289123535156,10.315831184387207,-0.5566177368164062,9.703452110290527,0
-0.9153957366943359,10.112339973449707,-1.0588626861572266,10.1507568359375,-1.1366996765136719,10.316218376159668,0
-0.44169044494628906,9.89062786102295,-0.5849113464355469,10.25052261352539,-0.5146160125732422,9.990044593811035,0
1.2538471221923828,10.03903865814209,1.3086776733398438,9.701698303222656,1.1920909881591797,9.95424747467041,0
0.6596221923828125,9.966854095458984,0.2887134552001953,9.755193710327148,0.5472640991210938,10.053936958312988,0
0.29071044921875,10.15846061706543,0.4011039733886719,9.906628608703613,-0.1861553192138672,10.31307315826416,0
-0.3069744110107422,10.16481876373291,-0.42198944091796875,9.651630401611328,-0.31982994079589844,10.046774864196777,0
1.1958484649658203,9.81710147857666,1.4547863006591797,10.08621883392334,1.3526840209960938,9.967283248901367,0
0.7412395477294922,9.99706745147705,1.0399608612060547,10.102953910827637,0.47382354736328125,9.879236221313477,0
0.4460163116455078,9.995718002319336,0.4225120544433594,9.997356414794922,0.24458885192871094,9.877837181091309,0
-2.0577239990234375,10.004119873046875,-1.5099239349365234,9.860603332519531,-1.7922077178955078,9.805482864379883,0
1.6053295135498047,10.06269645690918,1.3828868865966797,9.727054595947266,1.0042076110839844,9.666484832763672,0
0.6233882904052734,9.690338134765625,0.051036834716796875,9.815104484558105,-0.07037925720214844,10.004363059997559,1
0.4597034454345703,10.025453567504883,0.8181819915771484,9.950599670410156,0.6320724487304688,10.07373046875,0
-0.1427478790283203,9.7904634475708,-0.2834281921386719,9.857523918151855,-0.31406593322753906,9.890503883361816,0
1.321807861328125,9.837687492370605,2.4563140869140625,9.523263931274414,2.208829879760742,9.85010814666748,0
0.8053302764892578,9.856985092163086,0.8929729461669922,9.81663990020752,0.6305828094482422,9.943194389343262,2
1.3681678771972656,10.129583358764648,1.6745948791503906,10.028478622436523,0.9777755737304688,9.844549179077148,0
1.8704967498779297,9.792817115783691,1.942352294921875,10.29098129272461,1.7460460662841797,10.15130615234375,0
3.3614940643310547,9.929083824157715,3.7540035247802734,9.7061128616333,4.175313949584961,9.920852661132812,3
2.787740707397461,9.955794334411621,2.842803955078125,9.88802719116211,3.173410415649414,9.677708625793457,2
3.2760562896728516,9.898974418640137,3.082386016845703,9.93661117553711,3.4584217071533203,10.110424041748047,3
-2.3575172424316406,10.01479721069336,-1.71270751953125,10.334026336669922,-1.8574886322021484,10.055671691894531,0
1.1330070495605469,10.071133613586426,0.6537094116210938,10.268997192382812,0.5623874664306641,9.661322593688965,0
-0.5240802764892578,9.919953346252441,-0.06449127197265625,9.61560344696045,0.04923820495605469,9.927037239074707,0
0.07680702209472656,10.174603462219238,-0.04094505310058594,9.852826118469238,-0.07681846618652344,10.021385192871094,0
-0.8143730163574219,9.92106819152832,-0.664703369140625,10.034659385681152,-0.5738563537597656,9.76647663116455,0
1.8974132537841797,9.761961936950684,1.7002811431884766,10.159623146057129,1.6102447509765625,9.737913131713867,0
0.7930908203125,10.010337829589844,0.4580879211425781,10.08655071258545,0.3338432312011719,9.94460391998291,1
0.697174072265625,9.812823295593262,0.9157829284667969,9.68224811553955,1.1954689025878906,9.822257995605469,0
1.7432994842529297,9.902682304382324,1.38897705078125,9.765775680541992,1.2934074401855469,9.81917953491211,0
3.6531944274902344,9.780559539794922,3.948444366455078,10.197457313537598,3.817485809326172,9.977996826171875,2
2.3262596130371094,9.908503532409668,2.529022216796875,9.743586540222168,2.731412887573242,9.721206665039062,3
2.710538864135742,9.85102653503418,2.374256134033203,9.788797378540039,2.486692428588867,9.9473237991333,3
-0.5637874603271484,9.831358909606934,-1.2750244140625,10.184334754943848,-0.1663074493408203,9.89693546295166,0
1.0652008056640625,10.138561248779297,1.2464466094970703,9.653315544128418,1.1284313201904297,9.746146202087402,1
0.9764595031738281,9.968648910522461,0.9513187408447266,10.291617393493652,0.7064914703369141,10.033746719360352,0
-0.5275783538818359,9.954496383666992,-0.5815238952636719,10.455045700073242,-0.7464332580566406,10.001089096069336,0
1.1155242919921875,10.054200172424316,1.5454235076904297,10.146289825439453,1.0684814453125,10.064864158630371,1
2.517181396484375,9.796629905700684,3.1970138549804688,10.203731536865234,2.6301097869873047,9.937527656555176,1
2.3886756896972656,10.294925689697266,2.2045650482177734,9.594463348388672,2.8756351470947266,9.753207206726074,2
0.6825237274169922,10.265007019042969,1.356546401977539,9.929171562194824,1.4111995697021484,10.3301420211792,0
3.3034534454345703,9.951895713806152,3.520782470703125,9.899308204650879,3.9284229278564453,10.103879928588867,2
4.678388595581055,9.909710884094238,5.02284049987793,10.18360710144043,5.289813995361328,9.874606132507324,3
4.711908340454102,10.20274543762207,4.809465408325195,9.76106071472168,5.363346099853516,9.935199737548828,4
3.4278297424316406,10.212569236755371,3.6097793579101562,9.71630573272705,3.432392120361328,10.679481506347656,2
-1.7429008483886719,10.26436710357666,-1.9650745391845703,10.295035362243652,-1.2877349853515625,10.149914741516113,0
0.31706809997558594,9.985228538513184,-0.13120460510253906,9.931278228759766,0.4976634979248047,9.92276668548584,0
-0.19527244567871094,10.234607696533203,-0.25576210021972656,9.969017028808594,-0.3831920623779297,10.086289405822754,1
-1.9012260437011719,10.392824172973633,-1.3712100982666016,10.45998477935791,-1.452016830444336,10.266375541687012,1
0.021921157836914062,9.92026424407959,-0.22935104370117188,10.34494400024414,0.04632568359375,10.176778793334961,2
1.9188652038574219,9.740276336669922,2.358274459838867,10.158380508422852,1.6533222198486328,9.94460391998291,2
1.5753593444824219,9.761378288269043,1.6369647979736328,9.847740173339844,1.5832633972167969,9.763928413391113,2
0.16654205322265625,9.83568000793457,0.2890453338623047,9.73562240600586,0.15285110473632812,10.126971244812012,1
2.500936508178711,10.227755546569824,2.2087974548339844,9.978617668151855,2.9360599517822266,9.878168106079102,2
4.365360260009766,10.16268253326416,4.061122894287109,9.723408699035645,3.6745166778564453,10.142163276672363,3
3.870128631591797,10.041001319885254,3.6771011352539062,10.08987808227539,3.5547122955322266,10.289472579956055,5
2.2022342681884766,10.370484352111816,1.9902362823486328,10.24994945526123,2.485919952392578,10.724699974060059,3
-2.5589447021484375,9.945030212402344,-0.10603141784667969,9.837238311767578,-1.0502738952636719,10.32175350189209,0
0.0983734130859375,9.961793899536133,-0.018253326416015625,9.983222007751465,0.9124870300292969,9.803839683532715,0
-0.9292106628417969,9.981592178344727,-0.6617355346679688,10.254631042480469,-0.37172889709472656,10.18445873260498,0
-2.4755592346191406,10.14592170715332,-2.1351070404052734,10.360381126403809,-1.9453487396240234,9.96280574798584,0
4.443429946899414,9.92467975616455,3.5397262573242188,9.813255310058594,3.547893524169922,10.014413833618164,2
4.006916046142578,10.128582954406738,4.805694580078125,9.721596717834473,3.903482437133789,9.692044258117676,3
3.7142982482910156,10.188224792480469,3.5866641998291016,9.700081825256348,4.591962814331055,9.958182334899902,2
1.7675838470458984,9.8687105178833,1.8180103302001953,9.995630264282227,2.3214645385742188,9.892834663391113,1
10.611002922058105,10.024219512939453,9.738229751586914,10.250967979431152,9.05807113647461,10.428268432617188,2
12.276759147644043,9.909968376159668,11.035802841186523,9.72043514251709,11.838550567626953,9.740941047668457,4
11.541464805603027,10.001654624938965,10.971244812011719,9.793587684631348,10.998777389526367,9.95206069946289,6
7.6696014404296875,10.373466491699219,10.059282302856445,9.898968696594238,8.301010131835938,10.21707534790039,4
-3.396778106689453,10.085376739501953,-2.2291412353515625,9.975458145141602,-1.4972686767578125,10.14392375946045,0
-1.8415813446044922,9.860795974731445,-1.1966323852539062,9.799551010131836,-1.5956764221191406,9.695357322692871,0
-2.803619384765625,9.820354461669922,-1.2276020050048828,10.224567413330078,-0.9841346740722656,10.274324417114258,0
-3.868436813354492,10.159971237182617,-3.397218704223633,10.189475059509277,-4.196775436401367,10.020071029663086,0
1.0257015228271484,10.281869888305664,0.4401874542236328,9.803384780883789,1.6958637237548828,9.962701797485352,4
2.923229217529297,9.9164400100708,2.2568836212158203,9.812448501586914,2.669565200805664,9.790328025817871,5
1.895700454711914,9.930428504943848,1.830972671508789,9.79642105102539,2.1776256561279297,9.748510360717773,4
0.9037628173828125,10.300052642822266,0.7901992797851562,10.053579330444336,1.1894569396972656,10.122791290283203,1
9.232561111450195,9.989276885986328,8.682859420776367,9.772966384887695,8.445537567138672,10.232776641845703,9
9.146369934082031,9.909131050109863,8.524179458618164,9.936917304992676,9.44913101196289,9.814493179321289,10
8.691801071166992,10.1406831741333,7.342441558837891,9.934633255004883,8.645696640014648,10.270766258239746,12
6.572505950927734,10.358304977416992,7.066099166870117,9.948058128356934,7.275236129760742,9.758316040039062,10
4.702028274536133,9.782015800476074,2.9378833770751953,9.776846885681152,4.414497375488281,9.975929260253906,2
6.735904693603516,9.776134490966797,7.47108268737793,10.476692199707031,7.128440856933594,10.159464836120605,3
7.129718780517578,10.11177921295166,6.930633544921875,9.712969779968262,5.481241226196289,10.309826850891113,1
2.4307804107666016,10.152387619018555,0.7389450073242188,10.229351043701172,0.03340911865234375,10.426901817321777,1
9.52047348022461,9.91689682006836,12.464107513427734,9.931536674499512,10.599599838256836,10.046802520751953,9
13.819169044494629,9.991164207458496,13.271428108215332,10.354920387268066,14.533960342407227,9.654230117797852,13
13.501483917236328,10.004782676696777,11.55732536315918,9.791728973388672,13.092620849609375,9.958270072937012,11
7.533321380615234,9.91770076751709,8.090993881225586,10.254472732543945,7.446445465087891,9.986411094665527,2
22.694900512695312,10.002769470214844,22.916105270385742,9.975560188293457,23.214723587036133,9.94345474243164,10
21.100629806518555,9.84796142578125,24.485754013061523,10.292827606201172,25.333614349365234,9.785490036010742,29
20.357946395874023,9.952899932861328,21.40590476989746,10.020689010620117,21.21146583557129,9.962024688720703,32
20.801273345947266,10.271990776062012,19.033775329589844,9.80947208404541,20.461803436279297,9.916561126708984,13
-2.5145397186279297,10.266596794128418,-3.227266311645508,9.77703857421875,-3.8190059661865234,9.909247398376465,0
-0.2938365936279297,9.981257438659668,1.0891361236572266,10.414142608642578,0.16156387329101562,9.933308601379395,0
-2.8277835845947266,9.982439041137695,0.2076263427734375,10.07905387878418,-0.5334396362304688,10.013948440551758,0
-9.412864685058594,10.137398719787598,-6.321628570556641,9.904777526855469,-6.522756576538086,10.402170181274414,2
3.911935806274414,9.872201919555664,4.927267074584961,9.950628280639648,4.623224258422852,10.05278491973877,8
7.589546203613281,9.79720687866211,6.889335632324219,10.247958183288574,6.692020416259766,9.89653491973877,9
5.620607376098633,9.814740180969238,5.867082595825195,9.725573539733887,6.785728454589844,9.939196586608887,7
0.3800086975097656,9.996174812316895,2.4223194122314453,10.209596633911133,0.6754589080810547,9.891420364379883,2
14.22319221496582,10.112643241882324,15.37933349609375,9.996618270874023,13.382494926452637,10.05176067352295,14
16.23373794555664,9.877026557922363,15.965264320373535,9.684343338012695,16.621856689453125,9.932024955749512,19
14.694368362426758,9.998126983642578,16.106369018554688,9.772358894348145,15.78664493560791,10.135415077209473,23
8.10931396484375,10.093276977539062,12.217511177062988,9.947134017944336,10.339038848876953,10.30297565460205,10
52.772308349609375,9.979278564453125,51.743614196777344,10.261740684509277,51.783973693847656,10.041609764099121,77
59.21552276611328,9.980299949645996,50.76692199707031,10.191335678100586,59.692047119140625,10.00581169128418,25
44.404380798339844,10.169167518615723,33.258033752441406,9.721029281616211,30.613731384277344,10.01125717163086,13
-7.300495147705078,10.0473051071167,-6.077823638916016,9.839856147766113,-0.7147541046142578,10.059868812561035,5
93.0661849975586,10.04954719543457,96.877685546875,9.954206466674805,97.3882827758789,9.885931968688965,98
88.94558715820312,9.881702423095703,86.9108657836914,10.123639106750488,91.77993774414062,9.902246475219727,100
63.540061950683594,9.899907112121582,68.49481201171875,9.66457462310791,64.7048110961914,9.622757911682129,89
37.543304443359375,9.968442916870117,37.69841766357422,9.937369346618652,31.373062133789062,10.094618797302246,14
111.81840515136719,9.878302574157715,112.18122863769531,9.921060562133789,109.2557373046875,9.914922714233398,100
107.1590805053711,9.87102222442627,108.10169982910156,9.575865745544434,109.03118896484375,9.874110221862793,100
78.03092193603516,9.992159843444824,82.57232666015625,9.874920845031738,81.67779541015625,10.101995468139648,100
45.30311584472656,9.986891746520996,53.00182342529297,9.94405746459961,54.019309997558594,10.070241928100586,40
45.89574432373047,10.06994342803955,42.284751892089844,10.456472396850586,44.13201904296875,10.151966094970703,70
42.335872650146484,9.778651237487793,47.44122314453125,9.645870208740234,52.893821716308594,10.010649681091309,11
36.03350067138672,10.17325210571289,21.794246673583984,9.830888748168945,22.74711799621582,9.705892562866211,7
-15.318008422851562,10.184392929077148,-14.834392547607422,9.890667915344238,-11.184591293334961,9.877484321594238,7
81.84496307373047,10.010093688964844,80.9103012084961,10.316152572631836,86.18060302734375,10.152770042419434,96
76.60946655273438,10.017650604248047,77.53091430664062,9.751517295837402,84.98180389404297,9.825181007385254,84
67.84756469726562,9.939973831176758,59.51633834838867,10.024526596069336,65.01013946533203,10.05223274230957,58
23.8704833984375,10.277862548828125,26.104230880737305,10.251032829284668,25.945737838745117,10.11436653137207,13
104.4808349609375,10.130863189697266,96.73661804199219,10.429677963256836,97.43692779541016,10.222193717956543,100
95.96041870117188,9.83256721496582,90.79179382324219,10.0723295211792,90.98236846923828,10.069181442260742,100
77.3884506225586,10.0889310836792,75.51304626464844,9.878067970275879,77.425048828125,9.86320972442627,92
43.221595764160156,10.184370994567871,37.23347091674805,9.764702796936035,43.48417282104492,9.832619667053223,33
63.53759765625,9.868430137634277,60.19489288330078,9.785585403442383,65.9415283203125,9.914226531982422,80
73.56458282470703,9.92496109008789,78.1291732788086,10.285675048828125,75.4050521850586,9.969888687133789,93
81.69412994384766,10.123824119567871,82.46863555908203,10.35911750793457,81.97906494140625,10.097846031188965,80
79.39208984375,10.052976608276367,77.80532836914062,9.834244728088379,77.9052734375,10.202741622924805,73
84.37513732910156,10.032684326171875,82.86360168457031,10.247812271118164,78.48381805419922,10.000234603881836,80
97.14701843261719,9.930954933166504,94.80657958984375,9.682727813720703,96.35060119628906,9.709105491638184,96
100.73252868652344,9.88217544555664,101.75831604003906,10.099071502685547,96.69489288330078,10.09872055053711,96
94.310302734375,10.250423431396484,93.7618408203125,9.991796493530273,92.66743469238281,10.248858451843262,98
79.83715057373047,9.973211288452148,83.20263671875,10.246319770812988,83.73593139648438,9.794547080993652,80
97.90370178222656,9.85070514678955,96.91273498535156,10.196106910705566,98.48918914794922,9.888197898864746,88
101.72235107421875,9.945223808288574,102.46182250976562,9.655832290649414,102.76956176757812,9.891426086425781,92
95.63660430908203,9.984557151794434,92.27493286132812,10.022272109985352,91.72531127929688,10.190933227539062,99
54.41856002807617,9.844060897827148,56.973419189453125,10.28846549987793,58.42131805419922,9.966633796691895,40
64.59065246582031,9.878506660461426,65.31794738769531,9.753621101379395,70.7589111328125,9.98993968963623,74
70.90265655517578,9.88188362121582,72.50851440429688,10.021038055419922,70.70262145996094,9.985873222351074,82
70.11708068847656,10.169466972351074,71.71112060546875,10.27599048614502,71.70735168457031,9.865764617919922,58
77.91236877441406,10.10794734954834,77.0487289428711,9.858895301818848,77.53125762939453,9.815019607543945,59
87.87198638916016,9.854140281677246,85.6844482421875,9.699042320251465,85.84376525878906,9.918614387512207,87
88.07011413574219,9.866623878479004,90.30011749267578,9.59432315826416,89.81253051757812,9.833362579345703,97
83.78316497802734,9.981718063354492,83.74855041503906,10.43250846862793,84.87385559082031,9.888409614562988,97
76.08049011230469,9.904629707336426,73.73109436035156,10.213719367980957,72.20372009277344,10.127147674560547,65
87.2499008178711,9.744073867797852,84.79545593261719,10.198625564575195,89.9013900756836,9.889049530029297,85
90.08387756347656,9.832869529724121,88.27208709716797,10.015389442443848,88.49687194824219,9.877577781677246,96
90.76698303222656,10.232723236083984,82.98808288574219,10.544139862060547,87.80580139160156,10.177769660949707,97
18.563621520996094,9.85909652709961,18.183744430541992,10.24324893951416,20.081172943115234,10.054095268249512,39
42.55868911743164,10.003369331359863,44.650413513183594,10.135703086853027,41.92941665649414,10.027058601379395,50
50.144325256347656,9.954699516296387,51.23894500732422,9.83237361907959,52.362640380859375,9.683485984802246,45
53.12284469604492,9.888667106628418,50.37990951538086,9.999402046203613,47.70001983642578,9.869938850402832,51
49.20669174194336,9.796566009521484,52.695526123046875,10.36850357055664,48.907814025878906,9.648564338684082,56
71.28718566894531,9.839956283569336,73.24339294433594,9.67842960357666,68.52668762207031,10.013387680053711,78
82.8107681274414,9.927241325378418,80.56954193115234,10.243169784545898,82.07061767578125,10.07982349395752,75
82.37914276123047,10.072009086608887,82.40520477294922,9.919647216796875,79.86322021484375,10.145122528076172,74
53.797142028808594,9.965252876281738,56.37199020385742,10.552572250366211,49.371009826660156,10.12191104888916,52
74.6357421875,9.860462188720703,73.44577026367188,9.524267196655273,74.47265625,10.015225410461426,73
87.64987182617188,9.856819152832031,88.31689453125,10.13570785522461,88.01651000976562,10.083982467651367,77
87.92943572998047,10.034260749816895,82.21920776367188,9.864184379577637,79.2253646850586,10.162185668945312,82
26.054964065551758,9.954082489013672,27.336524963378906,10.298640251159668,20.42276382446289,9.793158531188965,16
40.18854522705078,9.693578720092773,45.82999801635742,10.168197631835938,40.781742095947266,9.672262191772461,50
56.24984359741211,9.910700798034668,54.19784164428711,9.812466621398926,55.44160461425781,9.943879127502441,64
51.626129150390625,9.936561584472656,48.9014892578125,10.47529411315918,56.99116897583008,10.037139892578125,42
59.30645751953125,9.911187171936035,56.93057632446289,9.790596961975098,52.401729583740234,10.095602989196777,32
75.151123046875,9.800820350646973,69.28462982177734,10.248656272888184,75.54400634765625,9.877368927001953,66
79.92769622802734,10.101902961730957,80.82776641845703,10.400598526000977,81.04522705078125,9.653687477111816,92
75.44192504882812,10.276327133178711,78.38684844970703,10.63845443725586,78.57319641113281,10.376640319824219,100
63.01300048828125,9.954949378967285,57.55169677734375,10.543498992919922,60.91077423095703,10.024986267089844,36
78.03765106201172,9.853652954101562,76.04505157470703,10.272501945495605,74.90615844726562,10.001952171325684,75
87.61003112792969,9.82463264465332,85.39814758300781,9.587703704833984,83.55830383300781,9.890300750732422,97
79.15121459960938,10.253657341003418,84.3447265625,10.547942161560059,77.25920104980469,10.027588844299316,98
10.544355392456055,10.232654571533203,13.216071128845215,9.800054550170898,10.56364631652832,10.432483673095703,26
20.739809036254883,9.88254165649414,20.624141693115234,10.201101303100586,18.253509521484375,10.12939453125,22
19.96816062927246,10.188157081604004,18.30164909362793,9.758600234985352,21.611942291259766,9.948929786682129,27
18.161128997802734,9.90286922454834,17.161787033081055,9.93610668182373,16.99584197998047,10.141707420349121,24
21.536548614501953,10.265280723571777,24.086402893066406,10.102453231811523,24.05455780029297,9.970965385437012,24
30.028179168701172,9.734508514404297,28.995790481567383,9.648475646972656,30.761987686157227,9.853523254394531,31
31.677587509155273,9.748018264770508,32.72932434082031,9.756549835205078,30.183591842651367,10.168094635009766,30
29.730714797973633,10.005885124206543,29.906675338745117,10.597506523132324,28.979969024658203,9.98530387878418,28
31.759435653686523,10.0017728805542,27.3488826751709,9.814926147460938,31.935813903808594,10.078725814819336,27
35.317726135253906,9.78089427947998,37.578731536865234,9.75485610961914,37.800315856933594,9.995572090148926,31
38.01005554199219,10.173027038574219,39.94881820678711,10.321237564086914,37.441097259521484,9.92748737335205,29
35.81698226928711,10.183908462524414,38.27351760864258,10.647453308105469,35.4974365234375,9.818323135375977,31
22.08880043029785,9.855341911315918,21.866718292236328,9.922929763793945,20.91177749633789,10.528472900390625,27
28.50152587890625,10.090441703796387,29.431604385375977,9.828179359436035,29.753990173339844,9.855918884277344,26
30.562374114990234,9.84424114227295,29.99094009399414,10.229048728942871,30.02012825012207,10.28157901763916,30
29.230527877807617,9.987960815429688,28.08570098876953,9.792081832885742,25.7060489654541,10.40980339050293,30
31.8480167388916,9.92888069152832,35.459678649902344,9.896586418151855,32.75290298461914,9.947234153747559,33
39.493614196777344,10.1660795211792,39.70637893676758,9.709200859069824,39.11302185058594,9.967403411865234,39
41.103370666503906,10.19626522064209,39.77972412109375,9.803986549377441,39.50226593017578,9.887718200683594,38
38.56912612915039,10.217924118041992,38.07129669189453,10.684552192687988,34.8861083984375,10.288799285888672,36
40.652400970458984,10.02534008026123,38.256629943847656,10.040070533752441,39.4134521484375,9.868287086486816,36
44.11219787597656,9.738226890563965,44.598873138427734,9.63068675994873,46.00031280517578,9.983587265014648,47
45.256874084472656,9.8365478515625,47.75763702392578,9.839385032653809,47.10014343261719,10.00745964050293,44
44.71012496948242,10.111533164978027,46.43811798095703,10.621088027954102,43.27833938598633,9.801054954528809,43
17.144508361816406,10.19161605834961,18.368833541870117,10.130481719970703,18.012699127197266,10.144299507141113,23
19.981271743774414,9.990291595458984,23.140987396240234,9.532625198364258,22.8514461517334,9.809761047363281,27
20.83810806274414,9.866626739501953,14.391456604003906,10.192042350769043,18.152664184570312,10.245818138122559,24
15.388971328735352,10.293402671813965,17.562564849853516,10.389466285705566,16.623266220092773,10.244010925292969,24
24.915075302124023,10.014151573181152,26.924833297729492,9.8360595703125,26.483030319213867,9.782628059387207,29
30.510820388793945,10.015474319458008,27.95469856262207,9.847041130065918,26.455148696899414,9.836997032165527,24
28.21930694580078,9.747291564941406,24.505735397338867,9.945194244384766,25.497276306152344,10.159296035766602,21
25.910091400146484,9.992626190185547,25.111312866210938,10.448861122131348,23.968141555786133,10.217763900756836,20
30.517744064331055,9.906185150146484,34.62233352661133,10.06645393371582,32.29505157470703,10.06911563873291,30
34.431114196777344,9.847333908081055,38.720359802246094,10.24218463897705,39.15449905395508,9.828752517700195,32
31.30240249633789,9.873381614685059,37.05424499511719,10.351702690124512,30.73178482055664,10.157949447631836,22
29.778207778930664,10.238252639770508,29.779043197631836,9.836507797241211,32.62401580810547,9.91496753692627,23
37.513755798339844,9.91462516784668,32.092716217041016,9.6073637008667,31.315637588500977,9.859060287475586,35
33.903099060058594,9.812883377075195,34.95893096923828,10.14600658416748,33.77054214477539,9.617910385131836,35
30.054048538208008,10.081709861755371,27.88582420349121,10.125774383544922,30.703290939331055,10.138569831848145,37
27.023366928100586,10.357026100158691,31.340486526489258,9.794119834899902,30.144941329956055,9.752281188964844,35
37.92144012451172,9.752147674560547,39.02616500854492,10.289347648620605,38.22639083862305,10.074028968811035,43
43.313899993896484,9.800039291381836,42.515960693359375,9.946341514587402,41.570526123046875,9.813169479370117,40
40.04560470581055,9.866059303283691,38.721038818359375,9.838022232055664,40.30023193359375,9.796533584594727,33
38.04623031616211,9.92263412475586,38.011993408203125,10.539867401123047,38.15277099609375,10.243983268737793,37
45.516334533691406,9.928810119628906,48.139495849609375,10.456148147583008,40.93206787109375,9.733885765075684,49
48.95056915283203,9.833849906921387,44.963356018066406,9.727731704711914,47.03028106689453,9.96019172668457,60
45.27931213378906,9.75224781036377,49.95494842529297,10.412344932556152,49.2178955078125,9.858402252197266,41
43.595455169677734,9.953904151916504,47.125335693359375,10.599886894226074,45.941627502441406,10.265852928161621,35
8.883180618286133,9.945525169372559,7.759531021118164,10.409282684326172,8.462362289428711,9.992622375488281,12
10.467080116271973,9.728782653808594,11.809746742248535,9.729165077209473,11.416362762451172,9.805180549621582,11
9.954273223876953,9.783712387084961,9.705781936645508,10.287653923034668,10.532962799072266,10.008040428161621,9
6.802152633666992,9.985551834106445,6.846458435058594,10.045694351196289,6.003150939941406,9.76380729675293,9
11.087838172912598,9.930312156677246,12.885621070861816,9.993186950683594,11.737051010131836,9.99672794342041,14
14.998234748840332,9.799447059631348,14.677092552185059,9.906699180603027,14.917427062988281,9.871528625488281,13
14.461404800415039,9.835611343383789,13.305998802185059,9.93442440032959,13.724923133850098,9.764737129211426,14
10.023178100585938,9.960729598999023,11.470547676086426,9.633857727050781,11.50244426727295,10.052115440368652,10
16.64963150024414,9.896700859069824,16.159984588623047,9.937822341918945,16.09718132019043,10.090320587158203,14
19.69629669189453,10.046197891235352,18.85658836364746,10.091256141662598,18.62982940673828,9.946873664855957,14
16.16092300415039,9.744842529296875,17.64272689819336,10.083104133605957,16.426435470581055,10.005311965942383,15
13.879120826721191,9.961435317993164,14.34756088256836,10.295954704284668,13.748705863952637,10.083155632019043,11
11.586563110351562,9.881675720214844,12.060656547546387,9.737324714660645,12.524314880371094,10.083841323852539,13
11.469924926757812,9.847538948059082,13.423944473266602,9.976517677307129,13.566671371459961,9.57560920715332,13
12.460433959960938,9.839727401733398,12.07322883605957,9.786272048950195,12.320915222167969,9.930525779724121,11
9.449396133422852,10.30335807800293,11.455533027648926,9.632275581359863,10.992427825927734,10.098688125610352,0
12.0904541015625,10.073267936706543,14.329245567321777,10.248346328735352,13.510468482971191,9.940582275390625,18
14.111138343811035,9.887320518493652,16.311460494995117,9.804221153259277,17.338909149169922,9.87585735321045,22
14.77734375,9.786876678466797,14.940441131591797,9.85989761352539,15.629416465759277,9.699527740478516,20
11.026015281677246,9.968245506286621,12.26283073425293,9.87486743927002,11.668971061706543,9.791833877563477,12
15.159473419189453,10.012360572814941,17.79438018798828,9.946547508239746,16.699176788330078,9.90905475616455,24
17.18011474609375,9.90696907043457,20.347761154174805,10.056585311889648,19.10331153869629,9.787898063659668,30
17.58359146118164,9.802519798278809,18.954721450805664,9.821725845336914,18.981101989746094,9.84941291809082,22
16.642475128173828,10.238404273986816,15.403787612915039,10.050176620483398,15.020506858825684,9.92210865020752,18
41.79363250732422,9.841713905334473,35.836517333984375,10.320840835571289,36.70136260986328,10.089873313903809,40
47.90336608886719,9.8167085647583,46.11890411376953,9.70660400390625,49.135047912597656,9.961204528808594,36
38.78163146972656,9.809696197509766,38.29615783691406,10.129780769348145,34.86216354370117,9.688091278076172,17
0.14252281188964844,9.96622371673584,-1.7645339965820312,9.840742111206055,0.7263526916503906,9.75772762298584,8
69.17509460449219,10.249945640563965,67.805419921875,9.878946304321289,73.33468627929688,10.007284164428711,68
75.90634155273438,9.734322547912598,71.62613677978516,10.309544563293457,72.92979431152344,9.656153678894043,96
67.51054382324219,9.946155548095703,63.4854736328125,10.275274276733398,66.84891510009766,9.980687141418457,73
35.27117156982422,9.828916549682617,34.10496139526367,9.950194358825684,40.204708099365234,10.32055950164795,15
85.63846588134766,10.385706901550293,82.96033477783203,10.417952537536621,91.9845962524414,10.244750022888184,81
95.62533569335938,9.769001960754395,89.0155029296875,10.336949348449707,97.74018096923828,10.026005744934082,99
82.66200256347656,10.167379379272461,81.95337677001953,9.71630573272705,83.9498291015625,9.922016143798828,98
46.93189239501953,10.026575088500977,51.26352310180664,10.023426055908203,51.69640350341797,10.192118644714355,45
30.428804397583008,10.207598686218262,29.06488800048828,9.789527893066406,31.247344970703125,9.921390533447266,60
42.18752670288086,10.200728416442871,39.68463897705078,9.774344444274902,40.97663116455078,10.164241790771484,47
34.284576416015625,9.888436317443848,34.888084411621094,10.183862686157227,29.829540252685547,10.303637504577637,24
-8.73228645324707,10.248531341552734,-4.205039978027344,10.173691749572754,-4.8024444580078125,10.341282844543457,7
64.21073150634766,10.11206340789795,66.2545394897461,9.681047439575195,65.66195678710938,10.165138244628906,70
75.47129821777344,10.284896850585938,75.63906860351562,10.032814025878906,72.3686294555664,9.617515563964844,77
66.32722473144531,9.842192649841309,65.12345886230469,9.708746910095215,63.83341979980469,9.776177406311035,57
31.873043060302734,10.237290382385254,28.495460510253906,9.923641204833984,34.73929977416992,10.278607368469238,22
84.36476135253906,10.42505931854248,84.08268737792969,10.093677520751953,83.20831298828125,10.170428276062012,80
91.9346923828125,10.340848922729492,88.36799621582031,9.683172225952148,91.20603942871094,10.003560066223145,90
81.59221649169922,9.931727409362793,85.35137939453125,10.166766166687012,82.14654541015625,10.154781341552734,80
47.61280059814453,9.968467712402344,49.9535026550293,9.95466423034668,47.51466751098633,10.228572845458984,34
25.417505264282227,10.32053279876709,26.216402053833008,9.82923698425293,25.9943790435791,10.024282455444336,36
34.15367126464844,10.224026679992676,36.73928451538086,9.728372573852539,38.104888916015625,10.163783073425293,41
31.241676330566406,10.290337562561035,30.681623458862305,9.958030700683594,36.01509094238281,9.936201095581055,34
24.788349151611328,10.598362922668457,28.934524536132812,10.063981056213379,28.740915298461914,10.091668128967285,29
48.66907501220703,10.068819046020508,45.61573028564453,9.992988586425781,54.25566864013672,9.98002815246582,46
56.47804260253906,9.874958992004395,57.903160095214844,9.766579627990723,55.84528350830078,9.859626770019531,57
52.98112487792969,9.809915542602539,52.65141677856445,9.940692901611328,53.22700500488281,10.007719039916992,49
44.882198333740234,9.92566967010498,50.403587341308594,9.987818717956543,45.11142349243164,9.982454299926758,35
62.68465805053711,10.160235404968262,68.23204040527344,10.333234786987305,69.29644775390625,10.262619018554688,48
73.42242431640625,9.75605297088623,75.83026123046875,10.071167945861816,76.41179656982422,10.302855491638184,64
63.58577346801758,9.940735816955566,66.27062225341797,9.934874534606934,74.5406494140625,10.288385391235352,64
62.51091766357422,10.404095649719238,68.31863403320312,10.274593353271484,67.04773712158203,10.240453720092773,50
47.82020568847656,9.808500289916992,44.727378845214844,10.001029014587402,49.311309814453125,10.05537223815918,69
59.20737075805664,9.816509246826172,63.735267639160156,9.675067901611328,56.42701721191406,10.096303939819336,69
59.19794464111328,10.03665828704834,54.904823303222656,10.030722618103027,54.55572509765625,10.112369537353516,40
48.155521392822266,10.481088638305664,49.51509094238281,10.102925300598145,47.180789947509766,10.310586929321289,51
79.92265319824219,10.011175155639648,72.31089782714844,10.289763450622559,70.4327621459961,10.013081550598145,76
78.7259521484375,9.865962028503418,76.69860076904297,9.807229042053223,79.12916564941406,9.961250305175781,93
75.10847473144531,9.788430213928223,76.37406158447266,9.965740203857422,76.06626892089844,9.941434860229492,90
70.41976928710938,9.995604515075684,68.3790512084961,10.33250904083252,68.39767456054688,10.251659393310547,70
84.53179931640625,10.086254119873047,80.2508544921875,9.912969589233398,84.8953628540039,9.923406600952148,92
95.54985046386719,9.741243362426758,97.19577026367188,10.049798965454102,94.73359680175781,10.234832763671875,99
94.45697021484375,10.033183097839355,90.42835235595703,10.020120620727539,92.86233520507812,10.216226577758789,89
85.87788391113281,10.400813102722168,82.98078918457031,9.820063591003418,83.07391357421875,9.868367195129395,90
3.3324222564697266,9.876419067382812,0.7620067596435547,9.76388931274414,2.618558883666992,9.663287162780762,6
11.451573371887207,9.865167617797852,7.187150955200195,9.602681159973145,9.538347244262695,9.68017864227295,3
10.31169605255127,9.822845458984375,11.460396766662598,9.771462440490723,11.093117713928223,9.689433097839355,1
5.206310272216797,9.99301815032959,3.4395809173583984,10.159131050109863,3.5948257446289062,10.318729400634766,1
10.573394775390625,10.131134986877441,11.42725658416748,9.700757026672363,12.852251052856445,10.075600624084473,24
18.602130889892578,9.67203426361084,20.145793914794922,9.625792503356934,18.422285079956055,10.012474060058594,29
18.026695251464844,9.852141380310059,20.2501220703125,9.883525848388672,18.92813491821289,10.111700057983398,25
16.324344635009766,9.886777877807617,15.588189125061035,10.158498764038086,15.746207237243652,9.90548038482666,5
29.42531967163086,9.892301559448242,26.199695587158203,9.7305908203125,29.696964263916016,10.268205642700195,29
34.34229278564453,10.060739517211914,35.27613830566406,9.689629554748535,35.094444274902344,10.078112602233887,44
32.273860931396484,9.89666748046875,33.54871368408203,10.200043678283691,35.03538513183594,9.839280128479004,45
29.8161563873291,9.85234260559082,27.77481460571289,9.835105895996094,28.381067276000977,10.307443618774414,36
-3.742725372314453,9.86020565032959,-3.2896652221679688,9.755741119384766,-2.0878448486328125,10.126543998718262,2
2.720102310180664,9.713040351867676,4.17466926574707,10.101558685302734,1.9565181732177734,9.793540000915527,2
3.4940433502197266,9.961581230163574,3.9654617309570312,9.85672378540039,5.20428466796875,9.703579902648926,1
-3.7352867126464844,9.971799850463867,-1.4978523254394531,10.165372848510742,-2.626117706298828,10.175045013427734,1
5.427278518676758,10.14137077331543,10.754905700683594,9.927163124084473,8.445907592773438,9.729826927185059,5
13.117047309875488,9.711861610412598,13.13394546508789,9.468817710876465,14.10140609741211,9.809725761413574,10
13.730081558227539,9.905472755432129,15.312674522399902,9.855829238891602,15.336445808410645,9.881854057312012,13
7.549751281738281,9.991301536560059,10.650690078735352,10.168157577514648,9.462772369384766,9.64050579071045,3
24.32367706298828,9.857604026794434,26.652732849121094,9.925496101379395,25.581987380981445,10.258702278137207,8
29.196147918701172,10.109297752380371,29.509357452392578,10.162375450134277,30.979360580444336,10.018843650817871,15
30.779767990112305,9.781959533691406,27.481430053710938,9.863356590270996,31.5198974609375,9.643932342529297,24
23.171510696411133,10.231305122375488,23.795299530029297,9.656231880187988,22.858898162841797,9.927131652832031,26
0.9953556060791016,9.95234203338623,3.1456546783447266,10.284749984741211,1.034210205078125,10.011862754821777,5
8.432577133178711,10.009819030761719,6.993738174438477,10.050068855285645,6.972526550292969,10.045550346374512,4
7.884418487548828,10.15481185913086,10.409646987915039,9.865532875061035,8.113792419433594,9.669872283935547,2
0.3391685485839844,10.395870208740234,1.350250244140625,10.186263084411621,-0.2173748016357422,10.13593864440918,2
10.193380355834961,10.100022315979004,11.020896911621094,9.744372367858887,11.010286331176758,10.29872989654541,24
18.551132202148438,9.976232528686523,16.92193603515625,10.080731391906738,16.113330841064453,10.183551788330078,28
18.002944946289062,10.036975860595703,19.046846389770508,10.172531127929688,15.617043495178223,10.201581954956055,20
12.953877449035645,10.005352973937988,14.722899436950684,9.996264457702637,12.367430686950684,10.103172302246094,5
31.09491729736328,9.991791725158691,30.758316040039062,9.815032958984375,30.634418487548828,9.962056159973145,34
35.480064392089844,9.77953052520752,36.07040023803711,9.691229820251465,33.23542022705078,10.303789138793945,46
34.869239807128906,10.003037452697754,33.276153564453125,9.741913795471191,32.949493408203125,10.283491134643555,45
31.406755447387695,10.607965469360352,29.46686553955078,9.817893028259277,29.369548797607422,9.843466758728027,36
-3.1340904235839844,9.951342582702637,-0.9157924652099609,9.717775344848633,-4.427967071533203,9.980426788330078,0
3.8329925537109375,9.979813575744629,3.379728317260742,9.710223197937012,3.0171756744384766,10.093205451965332,0
1.9989471435546875,9.93298053741455,1.8171138763427734,10.160894393920898,0.7690334320068359,9.880520820617676,0
-7.109889984130859,10.04008960723877,-7.554109573364258,10.368293762207031,-4.550088882446289,10.212071418762207,2
8.778181076049805,9.918057441711426,7.23802375793457,10.2986478805542,9.023801803588867,9.97666072845459,5
13.62402629852295,9.6815767288208,11.871878623962402,10.221406936645508,11.730910301208496,10.099997520446777,10
13.689603805541992,10.317445755004883,11.745490074157715,10.26769733428955,14.323280334472656,9.94455337524414,11
7.24162483215332,10.407270431518555,8.73526382446289,10.064697265625,8.736160278320312,10.35070514678955,3
27.573097229003906,9.93214225769043,29.42645835876465,9.892663955688477,27.558626174926758,10.100180625915527,9
32.33228302001953,9.82931137084961,32.67503356933594,9.712772369384766,29.279918670654297,10.219022750854492,25
34.07615280151367,10.261503219604492,33.082611083984375,9.784186363220215,32.46165466308594,9.801959037780762,22
27.628028869628906,10.57015609741211,20.4633731842041,10.4721040725708,24.157115936279297,9.932960510253906,24
-0.57928466796875,9.799591064453125,-0.4767932891845703,9.821419715881348,-0.7612667083740234,10.18435001373291,0
0.48360443115234375,9.835432052612305,0.5371742248535156,10.174359321594238,0.4359760284423828,9.966411590576172,0
-0.44597625732421875,10.179300308227539,-0.5143413543701172,9.640009880065918,-0.3201866149902344,9.97011661529541,0
-0.7002773284912109,10.087512969970703,-0.5140304565429688,9.925555229187012,-0.7790679931640625,9.804145812988281,0
0.016902923583984375,10.062714576721191,0.10362625122070312,10.167862892150879,-0.005615234375,10.08533763885498,0
1.0584526062011719,9.685894012451172,1.2486934661865234,10.181990623474121,1.1564273834228516,9.951749801635742,0
0.18171119689941406,10.015336036682129,0.26115989685058594,9.698509216308594,0.3541736602783203,10.15949535369873,0
-0.04559326171875,10.049954414367676,-0.0272064208984375,9.772135734558105,0.07538604736328125,10.154295921325684,0
0.3792743682861328,10.272224426269531,0.47545433044433594,9.942145347595215,0.23559951782226562,10.060088157653809,0
1.3603992462158203,10.090323448181152,1.4275436401367188,9.859657287597656,1.5784015655517578,9.817890167236328,1
0.5276203155517578,9.865910530090332,0.43657493591308594,9.638200759887695,0.7273387908935547,10.058032035827637,0
0.38825035095214844,9.980518341064453,0.47313880920410156,10.353718757629395,0.5270004272460938,10.126960754394531,0
-0.7166194915771484,10.3336763381958,-0.6936397552490234,9.634809494018555,-1.032857894897461,10.209918975830078,0
0.26445960998535156,10.213772773742676,0.4713878631591797,10.05517578125,0.440277099609375,9.866185188293457,0
-0.5930442810058594,10.288426399230957,-0.46170806884765625,10.274907112121582,-0.48512840270996094,9.68658447265625,0
-0.7315883636474609,10.08150863647461,-0.6765689849853516,9.89139461517334,-0.8142471313476562,10.234716415405273,0
-0.15443038940429688,9.971141815185547,-0.2686729431152344,10.373917579650879,-0.15024757385253906,10.112576484680176,0
0.9930419921875,9.79266357421875,1.2229156494140625,10.239436149597168,1.113922119140625,9.65594482421875,0
0.3458213806152344,10.004870414733887,0.42644309997558594,10.182027816772461,0.24140167236328125,9.93016529083252,0
0.0008678436279296875,9.922274589538574,0.008714675903320312,9.78377628326416,-0.013669967651367188,10.156587600708008,0
0.23228836059570312,10.27530574798584,0.28254127502441406,10.144181251525879,0.6618690490722656,9.810985565185547,0
1.394216537475586,9.905871391296387,1.345071792602539,9.823261260986328,1.5814838409423828,9.877161026000977,0
0.8228111267089844,10.006959915161133,0.5287857055664062,9.847399711608887,0.6254787445068359,9.994588851928711,0
0.29437255859375,10.024797439575195,0.40093231201171875,9.68637752532959,0.4961204528808594,10.048182487487793,0
-1.2626209259033203,10.057971954345703,-1.5174331665039062,10.192835807800293,-1.270599365234375,10.07784652709961,0
0.42644309997558594,9.842705726623535,0.7776870727539062,9.62293529510498,0.4286651611328125,9.655828475952148,0
-0.19006729125976562,10.171059608459473,-0.4249897003173828,9.857019424438477,-0.08977508544921875,9.991585731506348,0
-0.6993427276611328,9.92032241821289,-0.6409435272216797,9.840901374816895,-0.9542694091796875,9.990242004394531,0
-0.1313762664794922,9.978021621704102,-0.2870006561279297,9.738129615783691,-0.01793670654296875,9.882039070129395,0
1.5013694763183594,9.828933715820312,1.4284400939941406,10.109382629394531,1.992227554321289,9.876764297485352,0
0.7918567657470703,10.212608337402344,0.8592510223388672,9.784828186035156,0.5087146759033203,9.697542190551758,0
0.3089866638183594,10.045799255371094,0.31736183166503906,9.985030174255371,0.1274394989013672,10.104744911193848,0
0.06835746765136719,10.14606761932373,0.11151695251464844,10.449736595153809,0.34648704528808594,10.15928840637207,0
1.5570297241210938,10.000819206237793,1.410268783569336,9.749727249145508,1.6662483215332031,10.094167709350586,0
0.6880149841308594,9.781023025512695,0.8613071441650391,10.325182914733887,1.104949951171875,9.861955642700195,1
0.7538814544677734,10.02982234954834,0.7150230407714844,10.431253433227539,0.5734596252441406,10.234756469726562,0
-1.4859237670898438,10.084240913391113,-1.456644058227539,10.214166641235352,-2.0755767822265625,10.160103797912598,0
0.5202121734619141,9.957549095153809,0.7247867584228516,9.708124160766602,-0.06549263000488281,9.887226104736328,0
-0.7596607208251953,9.982490539550781,-0.4957733154296875,10.253557205200195,-0.5108432769775391,10.020630836486816,0
-0.910980224609375,9.99912166595459,-0.8103122711181641,10.173357009887695,-1.5341777801513672,10.200434684753418,0
-0.43756675720214844,9.776829719543457,-0.024150848388671875,9.861940383911133,-0.2126941680908203,9.833702087402344,0
1.487518310546875,10.04423999786377,1.1955852508544922,9.958321571350098,1.3575916290283203,9.929742813110352,0
0.9207687377929688,9.979474067687988,0.9241733551025391,9.919670104980469,0.5853481292724609,9.86388111114502,0
0.4929943084716797,10.051186561584473,0.23468971252441406,10.137972831726074,0.37372589111328125,10.114448547363281,0
-0.1550617218017578,10.168244361877441,-0.1389923095703125,10.340570449829102,-0.24438858032226562,10.065435409545898,0
1.4800891876220703,9.889463424682617,1.5636100769042969,10.058013916015625,1.2874107360839844,9.640732765197754,0
0.6847515106201172,9.898931503295898,0.9455356597900391,9.82565689086914,1.2786865234375,10.056307792663574,0
0.4010658264160156,10.038185119628906,0.35989952087402344,9.73498249053955,0.6398448944091797,9.971847534179688,0
-1.9130020141601562,9.951565742492676,-1.3344535827636719,10.050241470336914,-1.0777912139892578,9.754854202270508,0
1.6583175659179688,10.02917766571045,1.085428237915039,9.703423500061035,1.1852970123291016,9.913782119750977,1
0.5034885406494141,9.901287078857422,-0.21163177490234375,10.086018562316895,0.6559886932373047,9.715452194213867,1
0.44879913330078125,9.792410850524902,0.5169677734375,9.637862205505371,0.6001644134521484,10.14498233795166,1
-0.45287322998046875,10.03123664855957,-0.5810203552246094,9.80737590789795,-0.5715866088867188,9.805134773254395,1
2.7083568572998047,9.812171936035156,2.6152915954589844,9.588160514831543,2.4777584075927734,9.90219783782959,2
1.3953304290771484,9.848588943481445,0.9489498138427734,10.08607006072998,1.2553863525390625,9.781872749328613,2
0.7840232849121094,10.05262565612793,0.83502197265625,9.89186954498291,0.8848285675048828,10.022526741027832,2
1.5869178771972656,10.196221351623535,1.8590717315673828,9.851137161254883,1.5679473876953125,10.048855781555176,2
3.078968048095703,10.053884506225586,3.966564178466797,9.93704605102539,4.470922470092773,9.741107940673828,4
2.5623779296875,10.052364349365234,2.545194625854492,9.77751350402832,2.465290069580078,9.838872909545898,6
2.8237476348876953,10.260642051696777,3.6194705963134766,10.348206520080566,3.3833446502685547,10.035002708435059,3
-1.6233329772949219,9.780275344848633,-1.4935684204101562,9.934697151184082,-2.025167465209961,10.042189598083496,0
0.2678031921386719,9.722622871398926,0.7304630279541016,9.75544548034668,0.8884830474853516,9.864665031433105,0
-0.3795127868652344,9.937458038330078,0.008625030517578125,10.191030502319336,0.07410049438476562,9.806841850280762,0
0.29998207092285156,10.064416885375977,0.2431049346923828,9.87717056274414,0.024637222290039062,9.85648250579834,0
-0.5791473388671875,9.918573379516602,-0.5124721527099609,9.857108116149902,-1.1676864624023438,10.000163078308105,0
2.2469940185546875,9.888747215270996,2.0380916595458984,9.522687911987305,1.7123756408691406,9.597265243530273,0
1.0954456329345703,9.93416690826416,0.47339630126953125,10.075654029846191,1.1188812255859375,10.0900297164917,0
1.3830547332763672,10.039833068847656,1.0109500885009766,10.254265785217285,1.4023513793945312,10.121207237243652,0
0.9900035858154297,9.94301700592041,1.6809368133544922,10.249797821044922,1.6267890930175781,10.128205299377441,0
3.849672317504883,9.978178977966309,3.770315170288086,9.802858352661133,4.281894683837891,9.776841163635254,0
3.0091781616210938,9.719632148742676,2.687978744506836,9.651275634765625,3.0558128356933594,10.073847770690918,1
2.697721481323242,10.092475891113281,3.3282108306884766,9.891711235046387,2.8691177368164062,9.748082160949707,1
-0.2580757141113281,9.906649589538574,-0.8985443115234375,10.16946792602539,-0.24508285522460938,9.849967002868652,1
1.7209739685058594,10.098496437072754,1.7250843048095703,9.672776222229004,1.3750667572021484,9.921263694763184,0
0.972076416015625,9.947722434997559,1.4600677490234375,9.70567512512207,1.1897811889648438,9.773027420043945,0
-0.1397705078125,10.257498741149902,-0.8043880462646484,10.397680282592773,-0.3573112487792969,9.977060317993164,0
1.2237510681152344,10.252021789550781,0.7851104736328125,10.416616439819336,1.0189971923828125,9.774093627929688,2
2.5722579956054688,9.6416654586792,2.516124725341797,10.206462860107422,2.723133087158203,9.605649948120117,3
3.0445423126220703,10.34880256652832,2.667390823364258,10.055526733398438,2.478933334350586,9.960079193115234,4
1.3684406280517578,10.339336395263672,1.6645660400390625,9.886175155639648,2.037273406982422,10.34529972076416,0
3.3915462493896484,10.328564643859863,3.275327682495117,10.022418022155762,3.298299789428711,10.048858642578125,4
4.726106643676758,9.897329330444336,5.000368118286133,10.072003364562988,5.247287750244141,9.979823112487793,5
4.399587631225586,9.970304489135742,4.776697158813477,10.240586280822754,4.62177848815918,10.10020637512207,8
3.536235809326172,10.391216278076172,2.8064708709716797,10.355287551879883,4.058511734008789,10.675141334533691,5
-1.0667533874511719,10.105266571044922,-1.5886611938476562,10.186532974243164,-0.9863052368164062,10.09626579284668,0
0.4769325256347656,9.677664756774902,0.5449905395507812,9.787549018859863,0.12376594543457031,9.718174934387207,0
0.2644672393798828,9.927118301391602,0.5471096038818359,9.868514060974121,0.5146503448486328,9.788022994995117,0
-0.8371238708496094,10.119600296020508,-1.6431388854980469,10.471728324890137,-1.4643993377685547,10.01369857788086,0
0.4707660675048828,9.965951919555664,-0.0044727325439453125,10.457950592041016,0.3466682434082031,10.070418357849121,1
2.6979904174804688,10.122032165527344,2.335603713989258,10.060200691223145,2.2795162200927734,9.897388458251953,1
2.2410888671875,10.240900993347168,2.185089111328125,9.77427864074707,1.68365478515625,9.998124122619629,1
0.7825431823730469,10.090431213378906,0.1418895721435547,10.323721885681152,0.14266395568847656,9.913507461547852,0
2.6092090606689453,10.28853988647461,3.0827369689941406,9.808328628540039,2.627704620361328,10.094318389892578,1
5.021200180053711,10.15034008026123,4.419050216674805,9.724027633666992,4.802490234375,9.732029914855957,2
4.364023208618164,9.894699096679688,4.354656219482422,9.632356643676758,4.180891036987305,10.17967700958252,3
3.0775070190429688,10.132838249206543,3.263904571533203,9.813799858093262,3.1120529174804688,10.611390113830566,1
3.134187698364258,9.998543739318848,4.808244705200195,10.166910171508789,1.8766136169433594,10.303217887878418,2
4.534694671630859,10.224924087524414,6.625095367431641,9.980775833129883,3.8843555450439453,10.075606346130371,1
4.242143630981445,10.318928718566895,5.4432830810546875,10.03331184387207,3.2837352752685547,9.791961669921875,1
1.3509082794189453,9.958016395568848,4.367832183837891,10.41877555847168,2.231851577758789,10.156548500061035,2
5.851306915283203,10.209195137023926,6.017679214477539,10.309120178222656,6.905586242675781,9.783377647399902,12
7.773933410644531,9.769758224487305,7.777349472045898,9.715804100036621,7.190906524658203,9.9612455368042,11
7.598590850830078,9.882311820983887,7.174341201782227,10.001160621643066,6.904581069946289,10.186932563781738,7
6.842559814453125,10.007024765014648,7.425718307495117,9.906168937683105,6.580900192260742,9.865488052368164,3
12.573573112487793,9.928557395935059,12.080496788024902,10.241121292114258,11.984888076782227,10.453486442565918,20
13.810002326965332,10.112863540649414,13.918092727661133,10.156949996948242,14.271785736083984,10.297866821289062,21
13.373748779296875,9.825600624084473,13.006196022033691,9.832202911376953,13.222563743591309,10.511778831481934,18
11.76955795288086,10.328506469726562,10.751019477844238,10.155634880065918,10.926094055175781,10.18429183959961,17
0.6578521728515625,10.033658027648926,1.642618179321289,9.918619155883789,1.4064407348632812,9.717337608337402,1
3.1011734008789062,9.844783782958984,4.113431930541992,9.762779235839844,3.625631332397461,10.130265235900879,0
3.294252395629883,10.266254425048828,2.393037796020508,10.109627723693848,1.9427223205566406,10.18039321899414,0
0.11106300354003906,9.947168350219727,1.8562984466552734,10.075667381286621,-0.6054229736328125,10.095017433166504,1
4.894443511962891,9.999065399169922,5.269384384155273,10.328024864196777,6.890588760375977,10.18172550201416,5
6.936710357666016,10.135756492614746,6.9802398681640625,9.704482078552246,6.869997024536133,9.743990898132324,5
6.644062042236328,10.25632095336914,5.989551544189453,9.7003173828125,6.645944595336914,10.281609535217285,5
5.464193344116211,9.976479530334473,5.706304550170898,9.881186485290527,5.347011566162109,9.883408546447754,2
11.735706329345703,9.927821159362793,11.55776309967041,10.152384757995605,13.208601951599121,10.415283203125,8
13.431229591369629,9.786443710327148,13.025349617004395,9.747803688049316,14.01313591003418,10.465953826904297,10
13.115591049194336,9.84339714050293,12.529282569885254,10.213464736938477,12.963913917541504,10.670915603637695,11
10.672401428222656,10.304509162902832,12.233867645263672,9.937566757202148,12.36072826385498,10.437285423278809,9
4.502140045166016,9.942992210388184,4.342336654663086,9.825499534606934,5.16783332824707,9.995488166809082,5
9.260560989379883,9.7284574508667,9.62112808227539,10.45337963104248,9.605876922607422,9.968769073486328,3
6.969892501831055,9.99455738067627,9.20545768737793,10.376239776611328,10.144739151000977,10.145697593688965,2
1.7556476593017578,10.204106330871582,0.7731304168701172,9.816221237182617,1.0202827453613281,9.868088722229004,4
10.728317260742188,10.091069221496582,12.016839027404785,10.37022876739502,12.486446380615234,10.251550674438477,19
14.41224479675293,9.974486351013184,14.54901123046875,9.685053825378418,15.614855766296387,9.885428428649902,19
13.2933349609375,9.822525978088379,12.961749076843262,9.877366065979004,14.829980850219727,9.899758338928223,16
10.297958374023438,10.179468154907227,10.783037185668945,9.918004035949707,10.12299919128418,9.772771835327148,4
19.664897918701172,10.014871597290039,19.754375457763672,10.126059532165527,23.67560386657715,9.807151794433594,29
25.583391189575195,10.09858226776123,24.099842071533203,9.668869972229004,23.21479034423828,9.912055969238281,35
25.34053611755371,10.207646369934082,24.3333683013916,9.752513885498047,23.82026481628418,10.065711975097656,31
16.611425399780273,9.995159149169922,17.165287017822266,10.192936897277832,19.328357696533203,9.977723121643066,24
-1.8467693328857422,10.204421043395996,-0.1654224395751953,10.666403770446777,-2.081623077392578,9.942625999450684,1
2.5714473724365234,9.792791366577148,3.2391300201416016,10.527402877807617,-0.41729736328125,9.650229454040527,1
1.2959556579589844,10.104400634765625,0.10412216186523438,9.663771629333496,3.174009323120117,10.123430252075195,1
-7.326934814453125,10.028738975524902,-4.050252914428711,10.510345458984375,-5.28911018371582,9.938996315002441,2
5.352666854858398,10.079636573791504,5.634885787963867,10.519787788391113,5.930187225341797,10.35641098022461,4
9.162172317504883,9.777679443359375,8.133384704589844,9.671290397644043,9.83859634399414,9.772787094116211,5
7.622785568237305,9.872659683227539,8.45654296875,10.003830909729004,9.182914733886719,10.049094200134277,5
1.6562023162841797,10.157065391540527,3.642139434814453,9.868659973144531,1.696533203125,10.230140686035156,1
16.53319549560547,9.783495903015137,16.849258422851562,10.490472793579102,16.05022430419922,10.277863502502441,7
18.74453353881836,10.025016784667969,20.230323791503906,9.63607406616211,20.468584060668945,9.759111404418945,10
16.991275787353516,9.898179054260254,19.838024139404297,10.275886535644531,19.112781524658203,10.079974174499512,12
14.630142211914062,10.131759643554688,13.62208366394043,9.932310104370117,13.403520584106445,9.876322746276855,7
