validation,cluster,iid_seed,y_pred,y_std
ood,0,,"[28.354948 28.354948 28.354948 28.354948 28.354948 28.354948 28.354948
 28.354948 28.354948 28.354948 28.354948 28.354948 28.354948 28.354948
 28.354948 28.354948 28.354948 28.354948 28.354948 28.354948 28.354948
 28.354948 28.354948 28.354948 28.354948 28.354948 28.354948 28.354948
 28.354948 28.354948 28.354948 28.354948 28.354948 28.354948 28.354948
 28.354948 28.354948 28.354948 28.354948 28.354948 28.354948 28.354948
 28.354948 28.354948 28.354948 28.354948 28.354948 28.354948 28.354948
 28.354948 28.354948 28.354948 28.354948 28.354948 28.354948 28.354948
 28.354948 28.354948 28.354948 28.354948 28.354948 28.354948 28.354948
 28.354948 28.354948 28.354948 28.354948 28.354948 28.354948 28.354948
 28.354948 28.354948 28.354948 28.354948 28.354948 28.354948 28.354948
 28.354948 28.354948 28.354948 28.354948 28.354948 28.354948 28.354948
 28.354948 28.354948 28.354948 28.354948 28.354948 28.354948 28.354948
 28.354948 28.354948 28.354948 28.354948 28.354948 28.354948 28.354948
 28.354948 28.354948 28.354948 28.354948 28.354948 28.354948 28.354948
 28.354948 28.354948 28.354948 28.354948 28.354948 28.354948 28.354948
 28.354948 28.354948 28.354948 28.354948 28.354948 28.354948 28.354948
 28.354948 28.354948 28.354948 28.354948 28.354948 28.354948 28.354948
 28.354948 28.354948 28.354948 28.354948 28.354948 28.354948 28.354948
 28.354948 28.354948 28.354948 28.354948 28.354948 28.354948 28.354948
 28.354948 28.354948 28.354948 28.354948 28.354948 28.354948 28.354948
 28.354948 28.354948 28.354948 28.354948 28.354948 28.354948 28.354948
 28.354948 28.354948 28.354948 28.354948 28.354948 28.354948 28.354948
 28.354948 28.354948 28.354948 28.354948 28.354948 28.354948 28.354948
 28.354948 28.354948 28.354948 28.354948 28.354948 28.354948 28.354948
 28.354948 28.354948 28.354948 28.354948 28.354948 28.354948 28.354948
 28.354948 28.354948 28.354948 28.354948 28.354948 28.354948 28.354948
 28.354948 28.354948 28.354948 28.354948 28.354948 28.354948 28.354948
 28.354948 28.354948 28.354948 28.354948 28.354948 28.354948 28.354948
 28.354948 28.354948 28.354948 28.354948 28.354948 28.354948 28.354948
 28.354948 28.354948 28.354948 28.354948 28.354948 28.354948 28.354948
 28.354948 28.354948 28.354948 28.354948]","[40.2067 40.2067 40.2067 40.2067 40.2067 40.2067 40.2067 40.2067 40.2067
 40.2067 40.2067 40.2067 40.2067 40.2067 40.2067 40.2067 40.2067 40.2067
 40.2067 40.2067 40.2067 40.2067 40.2067 40.2067 40.2067 40.2067 40.2067
 40.2067 40.2067 40.2067 40.2067 40.2067 40.2067 40.2067 40.2067 40.2067
 40.2067 40.2067 40.2067 40.2067 40.2067 40.2067 40.2067 40.2067 40.2067
 40.2067 40.2067 40.2067 40.2067 40.2067 40.2067 40.2067 40.2067 40.2067
 40.2067 40.2067 40.2067 40.2067 40.2067 40.2067 40.2067 40.2067 40.2067
 40.2067 40.2067 40.2067 40.2067 40.2067 40.2067 40.2067 40.2067 40.2067
 40.2067 40.2067 40.2067 40.2067 40.2067 40.2067 40.2067 40.2067 40.2067
 40.2067 40.2067 40.2067 40.2067 40.2067 40.2067 40.2067 40.2067 40.2067
 40.2067 40.2067 40.2067 40.2067 40.2067 40.2067 40.2067 40.2067 40.2067
 40.2067 40.2067 40.2067 40.2067 40.2067 40.2067 40.2067 40.2067 40.2067
 40.2067 40.2067 40.2067 40.2067 40.2067 40.2067 40.2067 40.2067 40.2067
 40.2067 40.2067 40.2067 40.2067 40.2067 40.2067 40.2067 40.2067 40.2067
 40.2067 40.2067 40.2067 40.2067 40.2067 40.2067 40.2067 40.2067 40.2067
 40.2067 40.2067 40.2067 40.2067 40.2067 40.2067 40.2067 40.2067 40.2067
 40.2067 40.2067 40.2067 40.2067 40.2067 40.2067 40.2067 40.2067 40.2067
 40.2067 40.2067 40.2067 40.2067 40.2067 40.2067 40.2067 40.2067 40.2067
 40.2067 40.2067 40.2067 40.2067 40.2067 40.2067 40.2067 40.2067 40.2067
 40.2067 40.2067 40.2067 40.2067 40.2067 40.2067 40.2067 40.2067 40.2067
 40.2067 40.2067 40.2067 40.2067 40.2067 40.2067 40.2067 40.2067 40.2067
 40.2067 40.2067 40.2067 40.2067 40.2067 40.2067 40.2067 40.2067 40.2067
 40.2067 40.2067 40.2067 40.2067 40.2067 40.2067 40.2067 40.2067 40.2067
 40.2067 40.2067 40.2067 40.2067 40.2067 40.2067 40.2067 40.2067 40.2067
 40.2067 40.2067 40.2067 40.2067 40.2067]"
ood,1,,"[32.997738 32.997738 32.997738 32.997738 32.997738 32.997738 32.997738
 32.997738 32.997738 32.997738 32.997738 32.997738 32.997738 32.997738
 32.997738 32.997738 32.997738 32.997738 32.997738 32.997738 32.997738
 32.997738 32.997738 32.997738 32.997738 32.997738 32.997738 32.997738
 32.997738 32.997738 32.997738 32.997738 32.997738 32.997738 32.997738
 32.997738 32.997738 32.997738 32.997738 32.997738 32.997738 32.997738
 32.997738 32.997738 32.997738 32.997738 32.997738 32.997738 32.997738
 32.997738 32.997738 32.997738 32.997738 32.997738 32.997738 32.997738
 32.997738 32.997738 32.997738 32.997738 32.997738 32.997738 32.997738
 32.997738 32.997738 32.997738 32.997738 32.997738 32.997738 32.997738
 32.997738 32.997738 32.997738 32.997738 32.997738 32.997738 32.997738
 32.997738 32.997738 32.997738 32.997738 32.997738 32.997738 32.997738
 32.997738 32.997738 32.997738 32.997738 32.997738 32.997738 32.997738
 32.997738 32.997738 32.997738 32.997738 32.997738 32.997738]","[28.279186 28.279186 28.279186 28.279186 28.279186 28.279186 28.279186
 28.279186 28.279186 28.279186 28.279186 28.279186 28.279186 28.279186
 28.279186 28.279186 28.279186 28.279186 28.279186 28.279186 28.279186
 28.279186 28.279186 28.279186 28.279186 28.279186 28.279186 28.279186
 28.279186 28.279186 28.279186 28.279186 28.279186 28.279186 28.279186
 28.279186 28.279186 28.279186 28.279186 28.279186 28.279186 28.279186
 28.279186 28.279186 28.279186 28.279186 28.279186 28.279186 28.279186
 28.279186 28.279186 28.279186 28.279186 28.279186 28.279186 28.279186
 28.279186 28.279186 28.279186 28.279186 28.279186 28.279186 28.279186
 28.279186 28.279186 28.279186 28.279186 28.279186 28.279186 28.279186
 28.279186 28.279186 28.279186 28.279186 28.279186 28.279186 28.279186
 28.279186 28.279186 28.279186 28.279186 28.279186 28.279186 28.279186
 28.279186 28.279186 28.279186 28.279186 28.279186 28.279186 28.279186
 28.279186 28.279186 28.279186 28.279186 28.279186 28.279186]"
iid,0,17,"[17.250412    6.9428825  10.481886   12.757738   15.725953   49.39111
 49.86104    53.509308   51.639572   26.70852    28.682064   32.0717
 29.955862   14.579929   15.13862    20.501823   22.479652   18.385904
 14.596608   15.155319   17.128824   22.496311   18.402565   34.513348
 30.419561   21.901451   30.28706    32.174763   32.174763    7.187975
  8.164017    8.610428   23.797243   28.318869   28.318869   27.439102
 26.64611    25.62934    15.7965355  18.615236   18.615236    7.683899
 15.025047   29.421938   37.807487   37.807487   10.486416   58.918625
 24.326746   32.712296   29.355707   30.598047   37.005768   38.983635
 35.043606   41.45121    39.335373   30.490099   38.875763   34.78194
 47.284645   27.884552   28.929012   30.208027   32.270782   32.281624
 32.276054   32.281624   32.280903   32.12675    32.137592   32.13603
 32.13687    30.123896   34.415756   34.415756   20.301573   22.414188
 22.176502   22.414188   21.95071    24.06332    23.825653   24.06332
 23.825653    7.664486    7.832487    7.6417255   7.664486    8.769718
  8.948425    9.195583    9.222708    8.96357     8.96357     8.947132
  8.963564   27.062164   29.88086    58.918625   62.29889    62.75924
 16.436687   17.274155   19.659283   19.114582   16.877224   20.099812
 19.555134   26.565603   34.951195   30.857407   43.360046   42.966156
 40.144966   45.85934    45.85934    50.90494    51.949516   53.923023
 44.761482   62.18828    61.73324    31.298174   47.384293   31.124296
 47.210407   64.18217    52.729973   46.141056   63.567856   30.847584
 46.93371    64.3605     18.315529   -0.44596672 -0.37346077 42.265278
 24.774618   25.260406   33.160267   36.869987   38.847973   34.754147
 48.840218   48.614235   51.423447   30.440966   30.440983   30.441036
 30.441015   30.441002   30.440947   30.440964   30.441017   30.440996
 30.440947   10.591175   10.663681   10.395105   10.291908   13.402676
 13.174425    2.8241463   2.628088    2.5248852  48.67765    48.912743
 51.651733   51.423447   38.983635   34.88985    35.043606   43.429195
 39.335373   51.83802    30.598047   34.88985    28.073238    9.588554
 12.117926   13.127567   15.403425   47.822105   49.232162   49.48135
 49.748116   49.986736   26.151865   26.27626    26.507626   27.033356
 28.605312   29.614922   26.27626    26.507626   27.033356   28.605312
 15.111686   15.128138   15.202422   15.427628   15.789843   17.60381
 22.125397   20.133194   22.125397   19.0976     19.188335   19.32425
 19.93508    51.439293   55.731155   63.443375   60.78353    19.021572
 19.24278     7.794319    7.971136    8.422905   28.51981   ]","[ 8.223242  20.5126    20.712395  21.393278  22.689707  18.793707
 19.60282   21.671556  23.194506   8.350398   8.326185   8.343239
  9.01749    8.460579   8.399153   8.292175   8.683236   9.229086
  8.457659   8.396323   8.281294   8.680334   9.225543   8.823876
  9.273413  11.35641   11.322214  12.655047  12.655047  14.366252
 14.250286  13.708089  11.119959   9.460337   9.460337  10.188024
 10.514032  10.873319  20.377459  21.843143  21.843143   8.493543
  8.850939  14.525032  14.652474  14.652474  12.761179   8.638688
  8.293602   8.2273655  8.30607    8.029941   7.9251337  7.868815
  8.469052   8.223392   8.623134  10.65886   10.346226  10.806612
 10.485352   8.44003    8.304627   8.215415   8.929679   8.882632
  8.806035   8.882632   9.066541   8.882632   8.929679   8.8060465
  9.135074   9.270797   9.32402    9.32402   15.543589  12.050412
  9.398378  12.050412  18.423872  15.929293  14.479685  15.929293
 14.479685   8.651702   8.569193   8.575933   8.651702   8.050133
  7.7536407  7.546703   7.577488   7.746198   7.746198   7.755129
  7.7461853 11.107022   8.81114    8.638688   7.6412477  7.9548197
 12.005525  10.19467   12.892996  15.366786  11.444281  12.501494
 14.993876  19.779251  20.015625  20.068579  19.925043   8.717519
 12.552134   9.445503   9.445503   8.404546   8.276941   8.1412
 13.820922   9.947223   9.52246    9.604869  13.671225   9.49972
 13.642085   8.60652    8.511025  13.546337   9.136165   9.121194
 13.505112   8.682731   9.774473  11.134257  10.954085  12.115365
  8.7660265  8.70342    8.682174   9.34464    9.602189   9.902774
  9.339716   8.639287   9.928723  31.70186   31.70186   31.70186
 31.70186   31.70186   31.70186   31.70186   31.70186   31.70186
 31.70186   10.604247   8.960252  10.028756   9.525643   9.703297
 10.7797985  9.526208   8.980933   8.5134     8.851401   8.076265
  8.443272   9.928723   7.868815   8.14873    8.469052   8.074971
  8.623134   8.258497   8.029941   8.14873   10.242727  18.915934
 19.01817   19.107203  19.601421  17.074863  13.080361  12.199681
 11.165712  10.137956   8.638551   8.598818   8.545786   8.480153
  8.474727   8.561832   8.598818   8.545786   8.480153   8.474727
 16.163916  16.114002  16.13338   16.347574  16.664356   8.830886
  8.487946   7.9182935  8.487946   9.406307   9.483488   9.8528385
 11.062029   8.433795   8.681078  12.430608   9.145301  15.271457
 15.305649  16.060366  16.244364  16.646921  16.999971 ]"
iid,0,29,"[21.36159   21.30709   21.767208  36.083046  38.30934   36.083046
 38.30934   41.242386  34.663094  38.96832   41.097637  42.911644
 41.423878  37.12381   37.45463   38.584835  40.505276  41.35327
 39.915592  40.24643   41.376625  43.297077  45.983887  44.145065
 39.91886   40.24967   41.379875  43.300316  44.14831   26.883469
 29.57028   27.731453  24.090012  30.449507  31.705997  11.183313
 11.430895  11.064878  34.245037  22.235394  39.00922   12.09601
 12.718071  25.277794  31.6373    31.6373    32.076393  32.076393
 32.076393  33.969788  38.27502   38.27502   34.354267  34.78978
 27.690033  31.362762  34.049603  32.210735  30.798822  31.646805
 36.34045   22.787642  29.147161  27.308332  32.001995  24.88302
 25.505066  26.245344  27.026968  34.202442  34.00288   34.28008
 34.34413   34.144566  27.02579   31.546497  31.546497  19.587826
 19.448017  20.470278  19.448017  20.470278  18.139378  17.999569
 19.021833  19.021833  15.207726  18.36274   18.322933  18.36274
 18.322933  14.92057   11.707344  11.751743  14.280931  14.267113
 14.227304  14.280931  14.227304  11.748993  11.704592  11.704582
 20.42827   20.303043  21.973583  33.969788  37.620895  37.620895
 38.85849   21.92374   21.294468  21.169235  24.215405  26.276987
 20.505766  25.026474  29.720125  36.731358  44.336113  46.554222
 56.739     44.73378   43.905254  46.91078   32.5124    48.659348
 43.955025  43.126503  46.13203   36.37131   47.81394   46.985413
 49.99094   50.73844   46.034122  45.205593  36.151325  47.593956
 46.765427  16.92009   20.296152  24.91182    1.0891151  4.465172
 30.377348  35.493633  30.547245  30.838472  36.906776  21.913116
 27.650578  25.81174   41.464222  44.61322   49.179283  50.54837
 51.31343   51.637093  50.629417  49.409176  50.95308   52.652546
 50.629417  18.793127  22.169178  19.664145  22.169178  26.735264
 28.104342  17.382595  20.758654  17.50742   18.25361   20.758654
 25.324717  26.693802  41.28823   42.10818   44.61322   32.210735
 27.1261    33.48564   31.646805  36.34045   32.210735  30.021803
 32.503067  34.32702   46.959305  48.28721   48.612656  48.986847
 48.986847  28.064266  28.81002   30.34258   28.064266  28.29447
 28.81002   32.166603  21.949776  21.8591    21.88477   20.33608
 22.81733   24.64131   26.000374  21.803364  21.681267  21.613827
 21.678135  56.444454  60.965164  65.65883   62.37704   35.418545
 35.418545  10.379097  10.37446   10.370586  30.072563 ]","[14.002949  13.487532  12.941737  18.570946  18.625254  18.570946
 18.625254  18.806559  13.353023  13.014767  13.540714  15.029034
 15.938408  13.023471  12.993036  12.913695  12.787827  13.250287
 13.448264  13.420337  13.346015  13.221982  13.022472  13.6457
 13.443555  13.415611  13.341272  13.217191  13.6410475 13.580072
 13.713671  14.123588  13.089315  12.9732275 14.01564   15.785447
 15.087365  14.969947  11.878272  12.56616   12.796543  12.460832
 12.407217  14.937202  15.003976  15.003976  24.415144  24.415144
 24.415144  12.369421  12.2168455 12.2168455 11.725227  11.535709
 11.325508  11.311546  11.360621  11.988035  11.472956  12.211709
 12.780228  13.250511  13.284286  13.808315  14.274459  12.574376
 12.52744   12.498922  12.484914  11.48109   11.465015  11.545994
 11.477186  11.469224  11.789717  12.397053  12.397053  15.906059
 14.440863  15.120613  14.440863  15.120613  15.448235  13.3911495
 14.334818  14.334818  12.4852295 13.052687  13.067516  13.052687
 13.067516  11.968299  11.453694  11.461822  11.975539  11.971112
 11.987393  11.975539  11.987393  11.463374  11.455354  11.455348
 14.659117  14.228394  13.620306  12.369421  12.149059  12.149059
 12.342463  12.719252  13.429407  13.207361  13.209629  13.420978
 13.753037  13.867743  14.597501  11.975419  13.806721  12.276526
 11.346997  15.713571  15.895019  13.825656  15.935561  15.923849
 18.134827  18.162004  16.20923   12.923463  15.249342  15.337764
 12.71067   12.529754  15.302053  15.248642  12.709383  15.104856
 15.142258  18.600677  18.600573  17.895813  14.893581  14.873639
 17.700756  18.67657   12.4373255 12.405881  12.324199  12.680177
 12.667056  13.151232  12.282354  12.493879  12.376636  12.567602
 13.835265  13.523834  14.785551  13.816355  14.504731  13.670435
 14.785551  12.997763  13.312447  13.0050745 13.312447  13.546826
 13.871336  16.229355  16.445602  16.178427  16.23726   16.445602
 16.54548   16.760433  12.271185  12.341153  12.493879  11.988035
 11.54356   11.518662  12.211709  12.780228  11.988035  13.699333
 13.558855  13.24704   17.161184  15.436547  14.959146  14.378287
 14.378287  11.354579  11.320769  11.379127  11.354579  11.336196
 11.320769  11.612991  12.224294  12.503462  12.796872  11.918118
 11.576623  11.451011  11.671024  13.022011  13.042246  13.163466
 13.508627  11.687453  12.3768015 13.185242  14.089457  15.18721
 15.18721   15.3522215 15.48883   15.77207   18.565136 ]"
iid,0,43,"[27.100227  25.232586  24.31873   24.65572   33.666904  42.915806
 33.666904  42.915806  50.96229   27.281652  38.655914  35.54344
 40.052464  26.440434  40.71718   31.189686  31.154268  31.393373
 45.466434  31.185608  31.389296  33.846554  42.618877  45.462337
 14.438452  17.01939   25.791729  28.635162  18.398901  29.752123
 33.502327  33.362835  33.502327  12.509907  21.100237  30.343485
 30.343485  24.076944  23.16309   19.416468  24.307875  24.307875
  6.601019  20.913137   8.219645  19.572958  30.91072   30.91072
 30.91072   41.89084   53.26511   22.018873  36.94221   24.59981
 33.37215   24.707354  27.288273  38.904034  25.958563  28.539482
 40.15521   44.293854  30.616405  41.969646  44.813034  21.786997
 21.67155   21.747938  22.189602  23.079815  34.61569   34.626316
 34.626316  34.63041   34.626316  34.61569   34.69754   34.708168
 34.708168  34.69754   23.243916  21.72423   17.022411  20.604362
 20.604362  21.136173  24.718143  10.688234  10.969908  11.716249
 10.969908  11.716249   9.634617  10.165863  10.267952  12.624243
 12.803812  13.550161  12.624243   9.503429  10.136791  10.13681
 10.13681   15.421722  23.40533   20.313122  41.89084   50.758503
 45.334236  50.758503  55.17666    9.489428  17.473036  14.931577
 13.935123  16.817886  30.530203  33.373642  37.512234  20.404299
 22.985199  39.08762   48.31472   54.388565  54.627613  65.85721
 54.886925  61.732132  52.24393   56.244415  53.601433  61.133358
 61.372437  61.192818  61.4319    51.70462   28.556612  61.1921
 61.431183  15.883658  13.418083   5.555094   5.2922115 28.030006
 41.496063  17.039291  19.700258  28.472599  14.871523  17.567814
 26.340174  29.183596   9.548113   9.4899235  9.285229   8.01383
  8.42384   49.39235   50.081306  53.91897   50.44577   50.735153
 48.929783  51.42411   50.735153   5.353525   5.090641   5.3053017
  3.8192425  4.229254   5.616808   5.353924   5.5685844  5.5195026
  5.353924   4.4925385  9.509794   9.450808   9.285229   8.01383
  8.42384   36.060593  38.904034  37.311806  44.293854  24.707354
 43.04264   14.614271  48.927856  50.47841   50.84433   51.230957
 51.230957  23.582006  23.722235  24.017315  24.803152  23.722235
 24.017315  24.803152  28.222513  34.879528  50.65025   51.2836
 53.11551   56.283676  20.156563  31.05043   26.813576  31.05043
 11.601421  15.571357  18.95166   54.338066  65.69129   72.67337
 57.786037  10.497976  27.04578   30.17616   17.02505  ]","[14.299387  13.970892  13.098255  11.863426  20.968393  20.84145
 20.968393  20.84145   20.696089  11.048113  10.820781  11.535581
 14.055383   8.896652   9.598225   9.185617   9.1349945  9.086472
  9.798711   9.185068   9.086338   9.087945   9.18819    9.79879
 19.87788   19.993498  19.950377  19.988047  17.752209  17.816774
 18.904922  19.154472  18.904922  15.45573   11.654559   9.844346
  9.844346   9.835137  10.687719  19.894848  21.108175  21.108175
  9.592559  10.037988  10.980569  10.409926  29.630758  29.630758
 29.630758  10.416187   9.784947  10.92553   10.263294  11.018555
 10.530719   8.859542   9.010873   8.710416   8.941525   9.120053
  8.900204  10.978198  11.189623  11.290097  11.1001835 14.232081
 14.283378  14.377315  14.469144  14.534698  12.540772  12.374571
 12.374571  12.309865  12.374571  12.540772  11.183679  10.992835
 10.992835  11.183679   9.195023  12.097349  10.139665  11.664302
 11.664302   9.773521  10.031461  10.130732  11.357427  11.387503
 11.357427  11.387503  10.0317335  8.843128   9.984197   9.231298
  9.205854   9.209763   9.231298   8.832545   8.85109    8.851066
  8.851066  12.602765  12.396646  10.79391   10.416187   9.883454
 10.155176   9.883454  10.005146  10.731891  10.848398  11.0134535
 14.145302  13.356121  11.34055   11.545267  13.331775  13.05613
 13.193043  12.551171   9.46929    9.083621   9.149584   9.358877
 11.097767  11.869718  11.389937  10.91072   11.339497  11.845507
 10.914673  11.846886  11.080103  10.187701   9.398511  11.800328
 10.936921  12.980661  13.444334  14.038053  13.034804  19.232794
 20.40976    9.673145  10.07121   10.039123  14.5023775 14.540224
 14.216848  14.501284  15.712388  14.972958  14.406078  16.095585
 18.026413  13.873326  13.524753  11.173142  13.963822  13.963825
 11.173142  13.524755  13.963825  11.287341   9.654374  10.456946
 11.516845  13.8847065 13.42307   11.900676  12.953255  12.538458
 11.900676  14.320956  15.211851  14.589373  14.406078  16.095585
 18.026413   8.702484   8.710416   8.884124  10.978198   8.859542
 11.21992    9.724561  17.14272   13.748082  12.76718   11.618821
 11.618821   9.30156    9.269851   9.234019   9.199583   9.269851
  9.234019   9.199583   9.159472   9.249603  11.414674  11.267884
 11.059869  10.736584   8.951999   9.641519   8.843668   9.641519
  9.472126   9.861478  10.582965   9.399602   9.579606  11.585588
 10.426383  14.098325  12.295928  11.597904  19.422132 ]"
iid,0,71,"[25.583145  25.868189  26.16518   26.377167  13.159319  19.346943
 19.346943  27.46328   26.262413  52.40195   53.878704  54.05319
 57.640762  19.311699  21.693806  15.629409  18.714283  22.951485
 29.105337  16.310867  22.930187  29.084057  46.054886  53.979435
 60.133305  36.529915  34.363564  33.895756  34.363564  29.404125
 31.220272  36.391006  34.831554  33.0924    32.002495  40.592476
 19.237247  19.32601   17.350275  20.056465  20.056465   1.6968689
  3.0020409 15.775245  17.46307   31.54145   31.54145   31.42866
 31.42866   31.42866   52.73639   23.504074  39.81399   28.5681
 36.492638  44.67499   31.995508  38.14936   33.3095    20.13107
 29.3696    30.60081   31.906     35.135307  36.85548   32.544815
 32.235977  32.39128   32.544815  32.67596   33.385754  33.831192
 33.522354  33.67766   28.51877   44.62568   14.750786  17.003304
 22.300121  17.003304  17.873404  20.125946  25.422752  25.422752
 11.708614  10.013254   9.5701065 10.013254  10.194468  12.057133
  9.988741  10.09923    9.988741  10.09923   12.087399  12.473734
 12.473734  12.087372  12.473698  20.255451  22.96165   46.772057
 51.291565  14.003874  17.539856  18.439426  20.48986   18.554293
  8.23811   24.345     30.96546   38.89      22.82336   29.115875
 29.115875  29.115875  47.150944  48.456142  50.838287  33.724285
 54.11616   64.15421   55.10898   35.002213  55.394096  56.386906
 61.925232  61.342472  52.879997  33.258083  53.649956  63.105247
 54.642773  52.233116  62.27116   53.22593   13.685919  13.694147
  3.0224934  3.0307121 11.264057  10.660162  21.126389  24.925308
 32.84983   41.03219   15.935105  22.554447  28.708326  30.736809
 39.48557   38.585575  39.4938    42.129997  57.636467  57.639328
 57.679466  58.146404  56.99197   56.994835  57.03497   57.501907
 56.99197    9.030733   9.038967   9.038967  11.675165  24.475101
  3.5119152  3.5201473  2.7083855  2.4999294  3.5201473 18.956284
 38.47361   39.4938    42.129997  28.5681    40.17786   33.3095
 28.5681    42.6465    44.67499   37.80662   31.151316  13.508106
 22.681412  21.480549  49.27392   50.647797  50.930733  51.18903
 51.18903   24.09985   24.2544    24.564215  25.331266  33.184696
 24.564215  28.318426  35.643723  36.030064  38.30912   39.07874
 13.429636  22.602886  22.602886  17.736586  22.602886  16.421316
 18.707535  19.957306  48.397255  62.475662  57.635742  38.41689
 38.41689   10.424946  35.6667    35.177025  20.826935 ]","[12.682953  14.048339  15.149205  15.85031   11.007662  11.277679
 11.277679  11.504699  12.240952  17.372166  18.113264  20.250631
 20.212076   9.709381   9.68062    9.541107   9.538287   9.725113
  9.843605   9.509032   9.721594   9.8400345 12.245777  12.237606
 12.093341  11.855414  13.699116  14.242819  13.699116  19.990551
 17.684149  17.990927  19.441364  20.318218  11.715008  10.36139
 11.783288  11.249918  20.503132  21.725069  21.725069  11.7394
 11.661419  11.493456  16.151514  15.647494  15.647494  30.74841
 30.74841   30.74841    9.560631  10.241568  10.038261   9.953696
  9.837664   9.581496   9.624235   9.45951   11.878117  10.304
 12.388111  11.059877  10.953789  10.95747   11.022895  11.000708
 10.901063  10.915547  11.000708  11.154908  11.154908  10.901058
 11.000708  10.91554   10.496398  10.03273   15.496212  12.360652
 11.182892  12.360652  15.518088  11.367923  12.656487  12.656487
 10.60399   10.558079  10.493251  10.558079   9.936771   9.943112
  9.839585   9.806034   9.839585   9.806034   9.952442   9.901911
  9.901911   9.952415   9.901897  12.268197  10.823964   9.664505
  9.574675  11.222645  11.2221    14.329946  11.269494  14.267604
 11.4298725 11.283231  11.699371  11.5057335 19.522812  19.658686
 19.658686  19.658686  10.17793   10.067934   9.989395  13.2688875
 13.784171  13.006183  16.75732   12.725055  13.131205  16.384373
 11.549875  10.978248  15.957885  11.592554  12.270783  11.269415
 16.340994  11.223934  11.099101  15.845426  14.450352  14.708336
 19.513443  19.455103  18.631227  18.739195  20.242552  10.512055
 10.554074  10.767126  14.5988    14.594186  14.470942  14.512751
 11.081075  10.84435   12.169016  12.7115    16.774748  16.770527
 16.709677  15.978164  17.710247  17.706347  17.65014   16.97639
 17.710247  10.846807  11.391621  11.391621  12.415818  12.113299
 13.560667  12.830195  13.148335  12.969549  12.830195  13.900572
 11.106636  12.169016  12.7115     9.953696   9.507835  11.878117
  9.953696   9.55946    9.581496  12.003351  12.006843  11.528234
 11.635012  12.700027  17.274736  13.962478  13.141168  12.332264
 12.332264   9.547104   9.515546   9.481825   9.46632    9.901678
  9.481825   9.586557  11.635324  11.451649  11.686468  12.250124
 10.608238  10.1051655 10.1051655 10.255698  10.1051655 10.4678755
 10.63841   11.618456  10.375732  10.034367  12.091064  15.352025
 15.352025  15.071704  12.84849   13.369477  19.408787 ]"
iid,0,97,"[25.609175   25.626335   25.918213   26.156595   11.874418   19.18094
 19.18094    20.978397   24.613785   35.433205   31.245865   33.944286
 35.616207   35.07434    29.364735   33.546326   39.263924   47.995594
 46.66335    24.668146   27.898428   33.61595    42.34764    41.015434
 27.926403   33.64391    41.04339    10.859137   21.518929   30.250637
 28.918354   12.683357   14.01944    34.48822    33.5926     32.978268
 37.698463   49.68358    49.68358    20.953224   20.624332   20.641495
 39.138344   12.799049   14.510981   32.19046    30.858252   -4.5536633
 14.8377075  10.815336   10.138603   21.068195   30.547426   30.547426
 38.13776    28.952272   37.684036   38.13776    27.044724   35.77645
 34.444206   24.078436   34.738155   43.469807   42.13756    38.367615
 36.69881    40.526054   42.778305   45.079857   32.030464   32.01032
 32.025497   32.0184     32.01032    32.00177    32.046654   32.054737
 32.03811     5.096613   16.802992   18.872652   18.872652    7.6228733
 21.398933   10.390715   12.886316   13.706657   10.390715   13.706657
 11.683409   11.901169   12.897087   12.076759    9.377052   10.020779
  9.377029   10.02075    10.02075    17.738293   26.165497   30.682442
 21.068195   28.268164   23.551868   28.268164   32.05918    19.175108
 23.800571   10.871979   19.299202   23.924673   28.604252   39.603355
 38.27113    51.912518   23.48082    34.140537   14.82102    18.87649
 18.87649    18.87649    53.106514   56.336777   62.054268   70.785995
 52.078636   51.59787    51.479675   62.40927    50.99891    52.186516
 63.116104   30.707548   64.55206    53.141693   29.80579    52.720703
 66.06685    14.704001   19.619959    3.0953293  24.651627   32.395794
  9.925936   10.686504   20.585617   29.317364   -0.56324387  8.384544
 53.849403   35.843346   35.78351    35.780575   35.780453   36.15754
 35.711475   35.651638   35.648705   36.15754     7.8702354   4.6555023
 14.521408    5.5841045  10.500044    6.10458     7.285309   10.500044
 17.151215   13.801298   45.979828   47.333412   50.54815    35.77645
 34.444206   24.078436   43.469807   42.13756    55.77897    16.385006
 35.77645    34.444206   29.28004    14.544577   24.023813   25.363981
 48.902573   50.344376   50.013763   49.682877   49.4066     28.348629
 28.918528   31.51152    37.496113   28.348629   31.51152    37.496113
 37.9792     38.622913   43.44822    45.743378   24.298748   26.804613
 24.298748   26.804613   12.596701   13.240423   17.183205   21.023914
 50.245438   69.636955   81.946075   69.94552    57.072876   22.105078
 21.94099    21.932882   31.496315   35.10797    23.368286  ]","[11.444866  13.400192  14.718476  15.42097    9.7991705 10.988883
 10.988883  14.614515  11.177525  13.262035  15.486915  11.847047
 15.658749  17.90162    9.311841   9.527236  10.064677  10.105768
 10.079102   7.9801645  8.25154    8.7746525  8.598991   8.834665
  8.243687   8.7663965  8.827201  21.238583  21.6521    21.5583
 21.221144   9.04637   15.849199  18.068516  19.988958  20.73507
 12.388945   9.724175   9.724175  12.277913  10.245991  10.74645
 11.721453  14.542894  14.577882  15.151282  14.849959  10.27366
  9.536816  16.278242  14.577574  11.734211  12.293136  12.293136
 10.505397  10.102702   9.91227   10.505397   9.147319   8.888054
  8.484252   8.706991   9.749701   9.509511   9.089698   9.133508
  9.403871   9.519196   9.774748  10.032123  11.184266  11.690476
 11.184263  11.372381  11.690476  12.080962   9.357849   8.945965
  9.854343  14.689022   9.311512  11.032539  11.032539  14.542132
  9.30264   10.532262   9.3214655  9.405904  10.532262   9.405904
  8.544328   8.012803   8.026564   7.976453   8.13146    8.085522
  8.131443   8.085494   8.085494  12.775848  12.825936   9.809268
 11.734211  12.054635  11.599731  12.054635  12.662062  12.023783
 12.175056  10.46395   12.9317465 13.09477   10.62003   10.723802
 10.618642  10.843844  10.932109  11.724592  18.667202  19.445642
 19.445642  19.445642   8.982076   9.38682    9.959479   9.694859
 10.824923   9.850068  10.992673  10.11571   10.381349  10.437491
  9.035687   9.489202   9.690736   9.743488   8.862824  10.095591
  8.499834  11.434963  12.075205  10.306971  18.586218  21.766436
 10.395246  10.387947  11.08439   10.650093   9.157411   9.598144
  8.711821  15.486472  16.059954  16.08688   16.087921  11.892394
 16.714472  17.233667  17.258112  11.892394   8.636241   8.603159
  9.268475  16.6713    16.887295  16.666681  16.86782   16.887295
 17.157404  16.94598    8.191167   8.543604   8.469203   8.888054
  8.484252   8.706991   9.509511   9.089698   8.593438   8.0071
  8.888054   8.484252  11.235866  10.429539  10.122025  13.368138
 15.5918665 10.714225  12.044941  13.22411   14.119559   7.77304
  7.9099665  8.672711   9.798096   7.77304    8.672711   9.798096
 10.256243   9.914111  10.449216  11.583676   8.688051  10.487063
  8.688051  10.487063  10.303907   9.958311  10.0160265 11.668566
  9.098828   9.810607   9.941194  13.291855   9.571243  26.313608
 26.384474  26.387617  10.998533  12.485748  18.17421  ]"
iid,1,17,"[24.29694   24.206043  24.473284  24.755724  31.900064  40.24509
 22.519852  22.894695  27.190556  41.507236  41.50615   51.64557
 15.773907  29.63918   16.022934  14.726263  33.59006   44.45757
 44.45757   19.082819  19.259163  28.28231   52.231155  52.231155
 23.142015  42.454746  34.631386  34.507725  34.342697  40.42474
 18.672552  28.684689  27.383633  28.684689   8.440275   8.440275
 10.69388   10.40921    8.813171  10.04879   10.509544  10.04879
 10.4038105 10.4038105 23.225664  23.225664  46.21277   50.160934
 46.95807   24.409973  37.60988   50.17901   50.17901   28.427898
 51.017433  62.551197  60.475777  49.93364   52.972267  52.955837
 31.348204  63.396072  52.853943  64.75937   62.68395   21.613907
  1.4515438 45.64494    6.9149017 11.210724  25.52748   49.675797
 49.096886  52.197628   4.097767  52.636677  37.07467   23.142015
 42.454746  44.385616  29.991674  29.210821  53.22999   53.960983
 53.693195  27.707693  27.835365  27.835365  33.74113   50.944313
 17.491856  28.359402  28.359402  52.68744   14.501812  30.748316
 24.262293 ]","[15.907992  15.141488  14.25672   13.1773205 11.512245  13.328422
  9.730212   9.706568   9.74634   10.188652  10.184532  10.842221
 11.220129  11.268738  13.992994  16.51803   13.097807  12.137302
 12.137302  12.250285  11.594713  10.733933  10.262727  10.262727
  9.674021   9.83786   10.326509   9.988228   9.77185   10.189724
 12.426753  11.911865  11.291513  11.911865  11.394221  11.394221
 10.22759    9.956404   9.95903    9.898376   9.883043   9.898376
  9.961371   9.961371  11.956184  11.956184  10.497191  10.246162
 10.321471  10.786449  10.725668  11.430971  11.430971  16.9427
 17.667013  17.06815   17.070286  16.911007  11.804093  11.128286
 11.160188  11.711728  11.224691  10.536218  11.073985  12.318865
 11.638131  10.572276  11.675755  11.676651  11.862436  13.459775
 13.727185  12.033844  10.086768  10.470267   9.644311   9.674021
  9.83786   10.284452  12.222323  11.383073  11.866187  11.331627
 11.800042   9.663929   9.636766   9.636766  10.064661  10.578027
 10.472745  10.517105  10.517105  11.727193  14.769848  11.8822155
 18.092155 ]"
iid,1,29,"[20.677002  14.864056  14.864056  20.962109  33.744568  21.043343
 32.95499   33.185688  21.548134  23.15141   43.05691   49.745026
 15.729748  28.092651  33.196644  18.505848  29.390276  29.390276
 26.20442   58.89288    9.60396   21.966722  25.06239   25.06239
 58.679573  27.197453  25.20876   25.26288   37.85649   29.46177
 26.51132   27.564049  33.568047  33.96908   33.62167   33.799664
 24.32722   27.615664  14.848423  19.306746  11.113956  12.315771
  8.440069  10.412634   9.867023   8.49667    8.496599  27.881975
 60.54429    9.26539   23.40308   22.965816  23.829544  22.988735
 33.718395  33.949135  45.225296  47.110847  47.110847  55.179306
 53.391823  51.91905   53.271423  64.79289   51.798653  53.406647
 64.86981   23.080988  32.74403   34.666637  27.769983  50.16632
 41.817757   2.0927944  4.1404305  7.812628  25.20876   37.571568
 34.63765   21.537254  27.326742  51.24626   53.847847  53.664795
 27.252268  27.505634  38.65115   32.861626  38.65115   43.164555
 28.672285  28.672285  15.398432  53.693043  66.05585   53.09823
 29.900007 ]","[11.292065  11.269098  11.269098  10.680345  10.437847   9.143564
  9.259857   9.332267   9.115727   9.088424  10.46993   10.5530815
 10.819285  10.90177   10.687044  13.873238  10.459831  10.459831
  9.910349  10.635691  10.173214  10.333535  11.1671095 11.1671095
  9.298962   9.394711   9.104738   9.1179695  9.124706   9.721375
  9.550104   9.532978   9.261637   9.475638   9.508751   9.671971
  9.621564   9.930727  11.72708   10.176974   9.590814   9.610084
  9.129129   9.437213   9.098912   9.134282   9.134271  10.185049
  9.478694  10.828302  10.903818  11.895748  11.583715  11.397818
 11.798086  11.773174  12.071171  10.759753  10.759753   9.247451
 11.200384  10.876334  10.45922   10.375918  10.127774  10.570279
 10.130197  11.346272  12.605344   9.727918   9.839316   9.279443
 10.494517   9.629904   9.73357   10.23717    9.104738   9.057632
 11.48775   10.567767  10.587593  15.02986   10.138109  11.117055
  9.110131   9.090844   9.6280155  9.253503   9.6280155  9.630826
  9.713531   9.713531   9.671824   9.475012   9.51777   11.058019
 11.309115 ]"
iid,1,43,"[24.866777   26.368254   26.606432   15.724354   32.79141    30.46434
 40.344296   36.88675    32.278175   33.161396   25.013466   36.4562
 34.008457   34.558815   13.08713    24.419167   19.318455   35.625793
 21.705502   28.097149   38.613487   21.2795      8.794643   40.035454
 40.035454   22.364807   35.975086   37.471535   42.82981    23.076431
 33.13024    33.411976   34.1676     21.651867   23.685966    8.482546
  7.375164   10.419912   10.787998    8.485077   10.185663    8.5121
 10.185625   10.185625   19.834957   49.21245    55.022163   51.15715
  8.425901   19.93004    33.99147    39.349728   50.254417   50.254417
 58.94404    71.67098    30.55991    64.40465    64.76531    51.998672
 52.08824    18.814487   -0.10679817 24.478077   24.976465   47.390877
 47.095898   43.03516     6.0721626  13.164539    2.8706417  47.98304
 49.896004   35.975086   24.744652   37.471535   40.450043   38.114777
 17.595213   51.25325    51.508102   51.285057   28.144651   36.162174
 28.144651   28.396498   42.994213   26.69358    21.617962   11.761276
 25.539078   59.293922   72.020874   72.90413     9.695932   26.88683
 29.626421  ]","[12.32964   12.686162  12.345059  10.637038  11.439484  14.633798
 12.188885  16.26326   10.436266  10.527043   9.677523   9.98732
 11.125601  11.322786  17.123695  13.633589  16.127117  10.609916
 12.111837  13.160597  12.394518  10.7457075 12.379956  10.827758
 10.827758   9.790323   9.818825   9.936653  10.556704  10.450838
 10.062556  10.021362   9.976096  10.288504  10.818747  10.446035
 10.903762  10.472202  10.074207  10.153328  10.157986  10.163239
 10.157971  10.157971  11.007311  10.403677  10.008557  10.215983
 10.839644  11.246762  11.395104  12.078906  11.560296  11.560296
 10.228218  10.43288   11.2110615 11.364905  10.771709  10.8923645
 11.034139  12.235404  12.134555  10.666673  10.626505  10.48309
 10.211572  10.910926  10.422274  11.133527  10.389362  10.421995
 10.610107   9.818825   9.889278   9.936653  10.740792  12.399158
 10.951347  11.519749  11.257889  11.34751    9.846171  10.144321
  9.846171   9.767196  10.359457  10.313154   9.974429  10.524731
 11.128783  10.450921  10.65728   10.683126  15.738558  13.691397
 13.02131  ]"
iid,1,71,"[21.176447  19.829441  37.74348   20.418198  21.01678   26.479683
 37.988354  25.443016  27.784367  42.937862  43.01323   27.757929
 42.98692   46.06669   52.67676   64.11006   40.159103  18.38073
 36.501038  19.399954  -3.550785  -2.4034042 14.492641  21.869331
  8.343582  61.082115  28.763596  49.45868   35.3736    46.80696
 49.45868   36.309692  32.55871   33.13772   28.292562  32.672367
 33.38393   34.55877   33.920452  34.17179   31.809505  20.088943
 18.486012  25.71884   10.405947   9.973934   8.729956   9.019272
 24.136583   7.9007645  7.4944515 22.052803  77.65698   29.744925
 52.41185   51.73198   29.340328  25.796597  27.56246   26.894266
  3.2631054 38.389645   4.7422676 50.378815  52.14469   52.648743
 50.240623  58.107697  50.705105   3.5375118  3.684286   5.303377
  5.8074703 50.207256  52.648743  36.385128  32.55871   36.385128
 24.087849  51.392     51.642845  26.28193   26.695364  33.971497
 26.695364  33.971497  38.911465  48.491966  17.151157  22.091007
 14.887302  57.59584   75.63917   62.077156  10.982452  28.45452
 27.368816 ]","[ 9.85739   11.4811945 10.7760105  9.441894   9.415661   9.419968
  9.685629   8.533014   8.5222     8.729237   8.944942   8.517687
  8.94058   11.139744  11.232209  11.195079   9.670412  12.402898
  9.094021   9.869194  10.836273  10.828005  10.904506   9.49689
 11.026186   8.46311   10.701749  11.259858  10.700006  10.851907
 11.259858   8.448384   9.306941   9.411337  10.069754   8.678066
  8.863185   8.878868   8.912687   9.201035   8.976725  11.367242
  9.516601   9.519905   9.111629   8.336552   8.512196   8.487579
 10.105565   9.9636135 10.1050205 10.122752   8.873989  10.127409
 10.175725   9.9457035  9.208124  17.530708  17.604     17.76508
 10.946693   9.093482   9.169626   9.498965   8.931207  10.862085
 13.557429  10.762948  13.366652   9.721071   9.240268   9.203631
 11.085711   9.049475  10.862085   8.509099   9.306941   8.509099
  9.378329   9.849398   9.740995   8.521484   8.492681   8.723988
  8.492681   8.723988   8.808859   9.192791   8.774633   8.557318
  9.152759   8.839953   9.087662  10.454564  15.761872  11.495842
 13.094293 ]"
iid,1,97,"[20.91795   17.90736   22.80579   17.90736   22.80579   33.262222
 24.023735  24.042553  25.599379  28.866323  41.06261   46.28537
 54.22844   17.730516  17.087847  31.160826  23.6618     6.644562
 18.981487   4.215252  19.34409   10.395082  11.998629  54.19738
 40.18301   39.24281   34.613968  39.336056  37.936012  33.244774
 34.058014  33.76458   34.598507  20.61692   20.696375  23.157093
 10.397306  10.817463   9.406229  12.492331  10.833914   8.987869
 54.19738   10.734928  26.440958  28.428982  40.623894  31.414482
 45.000397  53.350784  54.47773   67.65068   32.83091   32.14939
 54.200043  63.120304  54.065628  62.693134  32.06716   14.021723
 17.862646  52.426567  47.65088   51.490303  52.31144   52.95269
 55.37432   52.95269    5.488718  10.31455    7.605091  13.327335
  1.3693638 47.65088   22.445341  21.448174  34.613968  39.336056
 29.44105   52.055614  26.64302   26.726473  27.331415  26.726473
 51.607853  21.264206  26.088827  31.249687  31.249687  12.042938
 71.78699   66.98871   50.420452  50.420452  22.171972  21.868822
 22.044525 ]","[10.995438  14.535994  14.070298  14.535994  14.070298  11.088926
  9.587741   9.588085   9.586747   9.638396  12.35221   12.338659
 12.396162  14.498533  16.720907  11.468404  11.655223  10.686653
 10.896919  11.743239  11.530484  13.924222  17.673222  10.257253
 10.332145  10.099943   9.7356825 10.509463  10.208197  10.0797615
  9.7866125  9.958814  10.152311  10.690989  10.697008  10.625074
 10.383959   9.634356   9.853844   9.617274   9.639896   9.64039
 10.257253  10.810697  11.030509  10.611653  10.806449  13.167926
 10.742918   9.889166   9.946587  10.016367  11.615346  12.319347
 11.80911   11.85898   10.52737   10.764539  10.765751  12.736197
 13.564317  10.570928  11.154958  14.353577  14.424563  14.528483
 12.016765  14.528483  10.669513  10.420961  10.46694   11.265566
 10.0387535 11.154958   9.4561825  9.647454   9.7356825 10.509463
 11.675766  10.215294   9.7017975  9.663226   9.591809   9.663226
 10.572174  10.098201  10.000314  10.775633  10.775633  10.104644
 10.971725  13.772661  15.736174  15.736174  17.084328  17.170141
 18.85458  ]"
